01/08/24,00:00,19.5,80,16.0,1,3,345,0.0,0.0,995.4,642.2,21.9,74,0,19.5,19.5,0.0,0,0.00,0.00,21.3,0,0.0,346,0.0,0.0,20.9,24.0
01/08/24,00:01,19.5,80,16.0,1,3,345,0.0,0.0,995.5,642.2,21.9,74,1,19.5,19.5,0.0,0,0.00,0.00,21.2,0,0.0,345,0.0,0.0,20.9,24.0
01/08/24,00:02,19.4,80,15.9,1,3,346,0.0,0.0,995.7,642.2,21.9,74,1,19.4,19.4,0.0,0,0.00,0.00,21.1,0,0.0,34,0.0,0.0,20.7,23.8
01/08/24,00:03,19.4,80,15.9,1,3,350,0.0,0.0,995.6,642.2,21.9,74,1,19.4,19.4,0.0,0,0.00,0.00,21.0,0,0.0,355,0.0,0.0,20.7,23.8
01/08/24,00:04,19.3,80,15.8,1,3,350,0.0,0.0,995.5,642.2,21.9,74,0,19.3,19.3,0.0,0,0.00,0.00,20.9,0,0.0,325,0.0,0.0,20.6,23.7
01/08/24,00:05,19.3,81,16.0,1,3,349,0.0,0.0,995.6,642.2,21.9,74,0,19.3,19.3,0.0,0,0.00,0.00,21.0,0,0.0,323,0.0,0.0,20.7,23.8
01/08/24,00:06,19.3,81,16.0,1,3,349,0.0,0.0,995.6,642.2,21.9,74,0,19.3,19.3,0.0,0,0.00,0.00,21.1,0,0.0,324,0.0,0.0,20.7,23.8
01/08/24,00:07,19.3,80,15.8,1,3,348,0.0,0.0,995.5,642.2,21.9,74,1,19.3,19.3,0.0,0,0.00,0.00,21.0,0,0.0,332,0.0,0.0,20.7,23.7
01/08/24,00:08,19.3,80,15.8,1,3,347,0.0,0.0,995.4,642.2,21.9,74,0,19.3,19.3,0.0,0,0.00,0.00,21.0,0,0.0,336,0.0,0.0,20.7,23.7
01/08/24,00:09,19.3,80,15.8,1,3,350,0.0,0.0,995.6,642.2,21.9,74,0,19.3,19.3,0.0,0,0.00,0.00,21.0,0,0.0,336,0.0,0.0,20.7,23.7
01/08/24,00:10,19.3,80,15.8,0,3,351,0.0,0.0,995.5,642.2,21.9,74,0,19.3,19.3,0.0,0,0.00,0.00,21.0,0,0.0,336,0.0,0.0,20.7,23.7
01/08/24,00:11,19.3,80,15.8,0,3,352,0.0,0.0,995.5,642.2,21.9,74,0,19.3,19.3,0.0,0,0.00,0.00,21.1,0,0.0,337,0.0,0.0,20.7,23.7
01/08/24,00:12,19.3,80,15.8,0,3,352,0.0,0.0,995.5,642.2,21.9,74,0,19.3,19.3,0.0,0,0.00,0.00,21.1,0,0.0,7,0.0,0.0,20.8,23.7
01/08/24,00:13,19.3,80,15.8,0,2,333,0.0,0.0,995.7,642.2,21.9,74,2,19.3,19.3,0.0,0,0.00,0.00,21.1,0,0.0,341,0.0,0.0,20.8,23.7
01/08/24,00:14,19.3,80,15.8,0,2,336,0.0,0.0,995.5,642.2,21.9,74,0,19.3,19.3,0.0,0,0.00,0.00,21.1,0,0.0,340,0.0,0.0,20.8,23.7
01/08/24,00:15,19.3,80,15.8,0,2,332,0.0,0.0,995.5,642.2,21.9,74,1,19.3,19.3,0.0,0,0.00,0.00,21.1,0,0.0,315,0.0,0.0,20.8,23.7
01/08/24,00:16,19.2,79,15.5,0,3,336,0.0,0.0,995.6,642.2,21.9,74,0,19.2,19.2,0.0,0,0.00,0.00,20.9,0,0.0,344,0.0,0.0,20.5,23.4
01/08/24,00:17,19.2,80,15.7,0,3,337,0.0,0.0,995.5,642.2,21.9,74,0,19.2,19.2,0.0,0,0.00,0.00,20.9,0,0.0,334,0.0,0.0,20.6,23.5
01/08/24,00:18,19.2,80,15.7,0,3,338,0.0,0.0,995.4,642.2,21.9,74,0,19.2,19.2,0.0,0,0.00,0.00,21.0,0,0.0,334,0.0,0.0,20.6,23.5
01/08/24,00:19,19.2,79,15.5,0,3,340,0.0,0.0,995.3,642.2,21.9,74,1,19.2,19.2,0.0,0,0.00,0.00,20.9,0,0.0,359,0.0,0.0,20.5,23.4
01/08/24,00:20,19.2,79,15.5,1,3,342,0.0,0.0,995.4,642.2,21.9,74,1,19.2,19.2,0.0,0,0.00,0.00,20.8,0,0.0,343,0.0,0.0,20.5,23.4
01/08/24,00:21,19.1,79,15.4,1,3,342,0.0,0.0,995.5,642.2,21.9,74,0,19.1,19.1,0.0,0,0.00,0.00,20.7,0,0.0,324,0.0,0.0,20.4,23.2
01/08/24,00:22,19.1,79,15.4,1,3,340,0.0,0.0,995.3,642.2,21.9,74,1,19.1,19.1,0.0,0,0.00,0.00,20.7,0,0.0,324,0.0,0.0,20.4,23.2
01/08/24,00:23,19.1,79,15.4,1,3,339,0.0,0.0,995.6,642.2,21.9,74,0,19.1,19.1,0.0,0,0.00,0.00,20.7,0,0.0,324,0.0,0.0,20.4,23.2
01/08/24,00:24,19.1,79,15.4,1,3,339,0.0,0.0,995.3,642.2,21.9,74,0,19.1,19.1,0.0,0,0.00,0.00,20.7,0,0.0,324,0.0,0.0,20.4,23.2
01/08/24,00:25,19.1,79,15.4,0,3,340,0.0,0.0,995.5,642.2,21.9,74,0,19.1,19.1,0.0,0,0.00,0.00,20.7,0,0.0,324,0.0,0.0,20.4,23.2
01/08/24,00:26,19.1,79,15.4,0,2,340,0.0,0.0,995.4,642.2,21.9,74,0,19.1,19.1,0.0,0,0.00,0.00,20.7,0,0.0,324,0.0,0.0,20.4,23.2
01/08/24,00:27,19.1,79,15.4,0,2,340,0.0,0.0,995.3,642.2,21.9,74,0,19.1,19.1,0.0,0,0.00,0.00,20.8,0,0.0,324,0.0,0.0,20.4,23.2
01/08/24,00:28,19.1,79,15.4,0,2,340,0.0,0.0,995.2,642.2,21.9,74,0,19.1,19.1,0.0,0,0.00,0.00,20.8,0,0.0,324,0.0,0.0,20.4,23.2
01/08/24,00:29,19.1,79,15.4,0,2,338,0.0,0.0,995.3,642.2,21.9,74,1,19.1,19.1,0.0,0,0.00,0.00,20.8,0,0.0,323,0.0,0.0,20.4,23.2
01/08/24,00:30,19.1,78,15.2,0,2,337,0.0,0.0,995.2,642.2,21.9,74,1,19.1,19.1,0.0,0,0.00,0.00,20.7,0,0.0,342,0.0,0.0,20.4,23.1
01/08/24,00:31,19.0,78,15.1,0,2,338,0.0,0.0,995.5,642.2,21.9,74,1,19.0,19.0,0.0,0,0.00,0.00,20.6,0,0.0,337,0.0,0.0,20.3,22.9
01/08/24,00:32,19.0,78,15.1,0,2,342,0.0,0.0,995.4,642.2,21.9,74,1,19.0,19.0,0.0,0,0.00,0.00,20.6,0,0.0,341,0.0,0.0,20.3,22.9
01/08/24,00:33,19.0,78,15.1,0,2,346,0.0,0.0,995.3,642.2,21.9,74,0,19.0,19.0,0.0,0,0.00,0.00,20.6,0,0.0,10,0.0,0.0,20.3,22.9
01/08/24,00:34,19.0,78,15.1,0,2,346,0.0,0.0,995.4,642.2,21.9,74,0,19.0,19.0,0.0,0,0.00,0.00,20.6,0,0.0,10,0.0,0.0,20.3,22.9
01/08/24,00:35,19.0,79,15.3,0,2,346,0.0,0.0,995.3,642.2,21.9,74,0,19.0,19.0,0.0,0,0.00,0.00,20.6,0,0.0,10,0.0,0.0,20.3,23.1
01/08/24,00:36,19.0,78,15.1,0,2,347,0.0,0.0,995.5,642.2,21.9,74,0,19.0,19.0,0.0,0,0.00,0.00,20.5,0,0.0,346,0.0,0.0,20.3,22.9
01/08/24,00:37,19.0,78,15.1,0,2,349,0.0,0.0,995.4,642.2,21.9,74,0,19.0,19.0,0.0,0,0.00,0.00,20.5,0,0.0,343,0.0,0.0,20.2,22.9
01/08/24,00:38,19.0,78,15.1,0,2,345,0.0,0.0,995.4,642.2,21.9,74,0,19.0,19.0,0.0,0,0.00,0.00,20.5,0,0.0,301,0.0,0.0,20.2,22.9
01/08/24,00:39,19.0,78,15.1,0,2,345,0.0,0.0,995.2,642.2,21.9,74,0,19.0,19.0,0.0,0,0.00,0.00,20.5,0,0.0,315,0.0,0.0,20.2,22.9
01/08/24,00:40,19.0,78,15.1,0,2,340,0.0,0.0,995.7,642.2,21.9,74,0,19.0,19.0,0.0,0,0.00,0.00,20.5,0,0.0,285,0.0,0.0,20.2,22.9
01/08/24,00:41,18.9,78,15.0,0,2,334,0.0,0.0,995.4,642.2,21.9,74,0,18.9,18.9,0.0,0,0.00,0.00,20.4,0,0.0,279,0.0,0.0,20.1,22.8
01/08/24,00:42,18.9,78,15.0,0,2,338,0.0,0.0,995.3,642.2,21.9,74,1,18.9,18.9,0.0,0,0.00,0.00,20.4,0,0.0,2,0.0,0.0,20.1,22.8
01/08/24,00:43,18.9,78,15.0,0,2,339,0.0,0.0,995.5,642.2,21.9,74,1,18.9,18.9,0.0,0,0.00,0.00,20.4,0,0.0,331,0.0,0.0,20.1,22.8
01/08/24,00:44,18.9,78,15.0,1,2,337,0.0,0.0,995.4,642.2,21.9,74,1,18.9,18.9,0.0,0,0.00,0.00,20.3,0,0.0,335,0.0,0.0,20.1,22.8
01/08/24,00:45,18.9,78,15.0,1,2,337,0.0,0.0,995.5,642.2,21.9,74,1,18.9,18.9,0.0,0,0.00,0.00,20.3,0,0.0,339,0.0,0.0,20.0,22.8
01/08/24,00:46,18.9,78,15.0,1,3,341,0.0,0.0,995.7,642.2,21.9,74,0,18.9,18.9,0.0,0,0.00,0.00,20.3,0,0.0,3,0.0,0.0,20.0,22.8
01/08/24,00:47,18.9,78,15.0,1,3,340,0.0,0.0,995.4,642.2,21.9,74,1,18.9,18.9,0.0,0,0.00,0.00,20.3,0,0.0,341,0.0,0.0,20.0,22.8
01/08/24,00:48,18.9,78,15.0,1,3,344,0.0,0.0,995.4,642.2,21.9,74,1,18.9,18.9,0.0,0,0.00,0.00,20.3,0,0.0,343,0.0,0.0,20.0,22.8
01/08/24,00:49,18.9,78,15.0,1,3,347,0.0,0.0,995.4,642.2,21.9,74,0,18.9,18.9,0.0,0,0.00,0.00,20.3,0,0.0,9,0.0,0.0,20.0,22.8
01/08/24,00:50,18.9,78,15.0,1,3,349,0.0,0.0,995.4,642.2,21.9,74,0,18.9,18.9,0.0,0,0.00,0.00,20.3,0,0.0,6,0.0,0.0,20.0,22.8
01/08/24,00:51,18.9,78,15.0,1,3,353,0.0,0.0,995.5,642.2,21.9,74,0,18.9,18.9,0.0,0,0.00,0.00,20.3,0,0.0,356,0.0,0.0,20.0,22.8
01/08/24,00:52,18.9,78,15.0,1,3,353,0.0,0.0,995.5,642.2,21.9,74,1,18.9,18.9,0.0,0,0.00,0.00,20.3,0,0.0,5,0.0,0.0,20.0,22.8
01/08/24,00:53,18.9,78,15.0,1,3,353,0.0,0.0,995.4,642.2,21.9,74,0,18.9,18.9,0.0,0,0.00,0.00,20.3,0,0.0,305,0.0,0.0,20.0,22.8
01/08/24,00:54,18.9,78,15.0,1,3,358,0.0,0.0,995.4,642.2,21.9,74,0,18.9,18.9,0.0,0,0.00,0.00,20.3,0,0.0,33,0.0,0.0,20.0,22.8
01/08/24,00:55,18.9,78,15.0,1,3,1,0.0,0.0,995.5,642.2,21.9,74,0,18.9,18.9,0.0,0,0.00,0.00,20.3,0,0.0,33,0.0,0.0,20.1,22.8
01/08/24,00:56,18.9,78,15.0,0,3,360,0.0,0.0,995.5,642.2,21.9,74,0,18.9,18.9,0.0,0,0.00,0.00,20.4,0,0.0,33,0.0,0.0,20.1,22.8
01/08/24,00:57,18.9,79,15.2,0,3,2,0.0,0.0,995.3,642.2,21.9,74,0,18.9,18.9,0.0,0,0.00,0.00,20.5,0,0.0,33,0.0,0.0,20.2,22.9
01/08/24,00:58,18.9,79,15.2,0,3,7,0.0,0.0,995.4,642.2,21.9,74,0,18.9,18.9,0.0,0,0.00,0.00,20.5,0,0.0,33,0.0,0.0,20.2,22.9
01/08/24,00:59,18.8,79,15.1,0,3,7,0.0,0.0,995.4,642.2,21.9,74,0,18.8,18.8,0.0,0,0.00,0.00,20.4,0,0.0,33,0.0,0.0,20.1,22.7
01/08/24,01:00,18.8,79,15.1,0,3,6,0.0,0.0,995.4,642.2,21.9,74,0,18.8,18.8,0.0,0,0.00,0.00,20.4,0,0.0,33,0.0,0.0,20.1,22.7
01/08/24,01:01,18.8,79,15.1,0,3,6,0.0,0.0,995.4,642.2,21.9,74,0,18.8,18.8,0.0,0,0.00,0.00,20.4,0,0.0,33,0.0,0.0,20.1,22.7
01/08/24,01:02,18.8,78,14.9,0,1,15,0.0,0.0,995.5,642.2,21.9,74,0,18.8,18.8,0.0,0,0.00,0.00,20.4,0,0.0,17,0.0,0.0,20.1,22.6
01/08/24,01:03,18.8,78,14.9,0,1,354,0.0,0.0,995.3,642.2,21.9,74,1,18.8,18.8,0.0,0,0.00,0.00,20.3,0,0.0,331,0.0,0.0,20.0,22.6
01/08/24,01:04,18.8,78,14.9,0,3,342,0.0,0.0,995.3,642.2,21.8,74,2,18.8,18.8,0.0,0,0.00,0.00,20.3,0,0.0,334,0.0,0.0,20.0,22.6
01/08/24,01:05,18.8,78,14.9,0,3,341,0.0,0.0,995.4,642.2,21.9,74,2,18.8,18.8,0.0,0,0.00,0.00,20.2,0,0.0,342,0.0,0.0,20.0,22.6
01/08/24,01:06,18.8,78,14.9,1,3,340,0.0,0.0,995.4,642.2,21.9,74,1,18.8,18.8,0.0,0,0.00,0.00,20.2,0,0.0,332,0.0,0.0,19.9,22.6
01/08/24,01:07,18.8,78,14.9,1,3,340,0.0,0.0,995.2,642.2,21.8,74,1,18.8,18.8,0.0,0,0.00,0.00,20.2,0,0.0,336,0.0,0.0,19.9,22.6
01/08/24,01:08,18.8,77,14.7,1,3,338,0.0,0.0,995.1,642.2,21.9,74,0,18.8,18.8,0.0,0,0.00,0.00,20.1,0,0.0,330,0.0,0.0,19.9,22.5
01/08/24,01:09,18.8,78,14.9,1,3,338,0.0,0.0,995.4,642.2,21.9,74,0,18.8,18.8,0.0,0,0.00,0.00,20.2,0,0.0,330,0.0,0.0,19.9,22.6
01/08/24,01:10,18.8,77,14.7,1,3,338,0.0,0.0,995.4,642.2,21.9,74,0,18.8,18.8,0.0,0,0.00,0.00,20.1,0,0.0,330,0.0,0.0,19.9,22.5
01/08/24,01:11,18.8,77,14.7,1,3,339,0.0,0.0,995.2,642.2,21.9,74,0,18.8,18.8,0.0,0,0.00,0.00,20.1,0,0.0,346,0.0,0.0,19.8,22.5
01/08/24,01:12,18.8,77,14.7,1,3,340,0.0,0.0,995.3,642.2,21.9,74,0,18.8,18.8,0.0,0,0.00,0.00,20.1,0,0.0,355,0.0,0.0,19.8,22.5
01/08/24,01:13,18.7,78,14.8,1,3,342,0.0,0.0,995.4,642.2,21.9,74,0,18.7,18.7,0.0,0,0.00,0.00,20.0,0,0.0,345,0.0,0.0,19.7,22.5
01/08/24,01:14,18.7,78,14.8,1,2,341,0.0,0.0,995.4,642.2,21.9,74,1,18.7,18.7,0.0,0,0.00,0.00,20.1,0,0.0,343,0.0,0.0,19.8,22.5
01/08/24,01:15,18.7,78,14.8,1,2,342,0.0,0.0,995.4,642.2,21.9,74,1,18.7,18.7,0.0,0,0.00,0.00,20.1,0,0.0,340,0.0,0.0,19.8,22.5
01/08/24,01:16,18.7,78,14.8,0,2,343,0.0,0.0,995.3,642.2,21.9,74,1,18.7,18.7,0.0,0,0.00,0.00,20.1,0,0.0,345,0.0,0.0,19.8,22.5
01/08/24,01:17,18.7,78,14.8,0,2,347,0.0,0.0,995.1,642.2,21.9,74,1,18.7,18.7,0.0,0,0.00,0.00,20.1,0,0.0,20,0.0,0.0,19.8,22.5
01/08/24,01:18,18.7,78,14.8,0,2,354,0.0,0.0,995.2,642.2,21.9,74,0,18.7,18.7,0.0,0,0.00,0.00,20.1,0,0.0,15,0.0,0.0,19.8,22.5
01/08/24,01:19,18.7,78,14.8,1,2,354,0.0,0.0,995.4,642.2,21.9,74,1,18.7,18.7,0.0,0,0.00,0.00,20.0,0,0.0,2,0.0,0.0,19.8,22.5
01/08/24,01:20,18.7,78,14.8,1,2,353,0.0,0.0,995.3,642.2,21.9,74,1,18.7,18.7,0.0,0,0.00,0.00,20.0,0,0.0,1,0.0,0.0,19.7,22.5
01/08/24,01:21,18.6,78,14.7,1,3,354,0.0,0.0,995.3,642.2,21.9,74,1,18.6,18.6,0.0,0,0.00,0.00,19.8,0,0.0,358,0.0,0.0,19.6,22.3
01/08/24,01:22,18.6,78,14.7,1,3,355,0.0,0.0,995.3,642.2,21.8,74,1,18.6,18.6,0.0,0,0.00,0.00,19.8,0,0.0,9,0.0,0.0,19.6,22.3
01/08/24,01:23,18.6,78,14.7,1,3,352,0.0,0.0,995.0,642.2,21.8,74,1,18.6,18.6,0.0,0,0.00,0.00,19.8,0,0.0,310,0.0,0.0,19.6,22.3
01/08/24,01:24,18.6,78,14.7,1,3,353,0.0,0.0,995.3,642.2,21.8,74,1,18.6,18.6,0.0,0,0.00,0.00,19.8,0,0.0,2,0.0,0.0,19.5,22.3
01/08/24,01:25,18.6,78,14.7,1,3,353,0.0,0.0,995.2,642.2,21.9,74,1,18.6,18.6,0.0,0,0.00,0.00,19.8,0,0.0,333,0.0,0.0,19.5,22.3
01/08/24,01:26,18.6,78,14.7,1,3,352,0.0,0.0,995.2,642.2,21.9,74,1,18.6,18.6,0.0,0,0.00,0.00,19.8,0,0.0,348,0.0,0.0,19.5,22.3
01/08/24,01:27,18.6,78,14.7,1,3,350,0.0,0.0,995.1,642.2,21.8,74,1,18.6,18.6,0.0,0,0.00,0.00,19.8,0,0.0,8,0.0,0.0,19.5,22.3
01/08/24,01:28,18.5,78,14.6,1,3,348,0.0,0.0,995.1,642.2,21.8,74,0,18.5,18.5,0.0,0,0.00,0.00,19.6,0,0.0,12,0.0,0.0,19.4,22.2
01/08/24,01:29,18.6,78,14.7,1,3,349,0.0,0.0,995.0,642.2,21.8,74,1,18.6,18.6,0.0,0,0.00,0.00,19.8,0,0.0,342,0.0,0.0,19.6,22.3
01/08/24,01:30,18.6,78,14.7,1,3,348,0.0,0.0,995.1,642.2,21.8,74,1,18.6,18.6,0.0,0,0.00,0.00,19.8,0,0.0,284,0.0,0.0,19.5,22.3
01/08/24,01:31,18.5,78,14.6,1,3,346,0.0,0.0,995.1,642.2,21.8,74,0,18.5,18.5,0.0,0,0.00,0.00,19.7,0,0.0,359,0.0,0.0,19.4,22.2
01/08/24,01:32,18.5,78,14.6,1,3,344,0.0,0.0,995.1,642.2,21.9,74,1,18.5,18.5,0.0,0,0.00,0.00,19.7,0,0.0,274,0.0,0.0,19.4,22.2
01/08/24,01:33,18.5,78,14.6,1,3,347,0.0,0.0,995.1,642.2,21.8,74,1,18.5,18.5,0.0,0,0.00,0.00,19.7,0,0.0,351,0.0,0.0,19.4,22.2
01/08/24,01:34,18.5,78,14.6,1,3,348,0.0,0.0,995.3,642.2,21.8,74,1,18.5,18.5,0.0,0,0.00,0.00,19.7,0,0.0,7,0.0,0.0,19.4,22.2
01/08/24,01:35,18.5,79,14.8,1,3,350,0.0,0.0,995.0,642.2,21.8,74,0,18.5,18.5,0.0,0,0.00,0.00,19.8,0,0.0,351,0.0,0.0,19.5,22.3
01/08/24,01:36,18.5,79,14.8,1,3,347,0.0,0.0,994.9,642.2,21.8,74,1,18.5,18.5,0.0,0,0.00,0.00,19.8,0,0.0,13,0.0,0.0,19.5,22.3
01/08/24,01:37,18.5,78,14.6,1,3,350,0.0,0.0,995.1,642.2,21.8,74,0,18.5,18.5,0.0,0,0.00,0.00,19.8,0,0.0,12,0.0,0.0,19.5,22.2
01/08/24,01:38,18.5,78,14.6,1,3,350,0.0,0.0,995.1,642.2,21.8,74,0,18.5,18.5,0.0,0,0.00,0.00,19.8,0,0.0,12,0.0,0.0,19.5,22.2
01/08/24,01:39,18.5,78,14.6,1,3,348,0.0,0.0,994.9,642.2,21.8,74,2,18.5,18.5,0.0,0,0.00,0.00,19.8,0,0.0,26,0.0,0.0,19.5,22.2
01/08/24,01:40,18.5,79,14.8,1,2,355,0.0,0.0,994.9,642.2,21.8,74,1,18.5,18.5,0.0,0,0.00,0.00,19.9,0,0.0,360,0.0,0.0,19.5,22.3
01/08/24,01:41,18.5,78,14.6,1,2,355,0.0,0.0,995.1,642.2,21.8,74,0,18.5,18.5,0.0,0,0.00,0.00,19.8,0,0.0,243,0.0,0.0,19.5,22.2
01/08/24,01:42,18.5,79,14.8,1,2,351,0.0,0.0,995.1,642.2,21.8,74,1,18.5,18.5,0.0,0,0.00,0.00,19.8,0,0.0,353,0.0,0.0,19.5,22.3
01/08/24,01:43,18.5,79,14.8,1,2,351,0.0,0.0,995.1,642.2,21.8,74,0,18.5,18.5,0.0,0,0.00,0.00,19.8,0,0.0,1,0.0,0.0,19.5,22.3
01/08/24,01:44,18.5,79,14.8,1,3,347,0.0,0.0,994.9,642.2,21.8,74,1,18.5,18.5,0.0,0,0.00,0.00,19.8,0,0.0,338,0.0,0.0,19.5,22.3
01/08/24,01:45,18.4,79,14.7,1,3,344,0.0,0.0,994.8,642.2,21.8,74,1,18.4,18.4,0.0,0,0.00,0.00,19.7,0,0.0,301,0.0,0.0,19.4,22.1
01/08/24,01:46,18.4,79,14.7,1,3,346,0.0,0.0,994.9,642.2,21.8,74,0,18.4,18.4,0.0,0,0.00,0.00,19.7,0,0.0,300,0.0,0.0,19.4,22.1
01/08/24,01:47,18.4,79,14.7,1,3,344,0.0,0.0,994.9,642.2,21.8,74,0,18.4,18.4,0.0,0,0.00,0.00,19.7,0,0.0,300,0.0,0.0,19.4,22.1
01/08/24,01:48,18.4,79,14.7,1,3,340,0.0,0.0,995.0,642.2,21.8,74,0,18.4,18.4,0.0,0,0.00,0.00,19.7,0,0.0,306,0.0,0.0,19.4,22.1
01/08/24,01:49,18.4,79,14.7,1,3,339,0.0,0.0,995.0,642.2,21.8,74,0,18.4,18.4,0.0,0,0.00,0.00,19.7,0,0.0,306,0.0,0.0,19.4,22.1
01/08/24,01:50,18.4,79,14.7,0,3,331,0.0,0.0,994.9,642.2,21.8,74,0,18.4,18.4,0.0,0,0.00,0.00,19.8,0,0.0,306,0.0,0.0,19.4,22.1
01/08/24,01:51,18.4,80,14.9,0,3,329,0.0,0.0,994.7,642.2,21.8,74,0,18.4,18.4,0.0,0,0.00,0.00,19.9,0,0.0,306,0.0,0.0,19.5,22.2
01/08/24,01:52,18.3,80,14.8,0,3,334,0.0,0.0,995.0,642.2,21.8,74,0,18.3,18.3,0.0,0,0.00,0.00,19.7,0,0.0,306,0.0,0.0,19.4,22.1
01/08/24,01:53,18.3,79,14.6,0,3,330,0.0,0.0,994.8,642.2,21.8,74,1,18.3,18.3,0.0,0,0.00,0.00,19.7,0,0.0,4,0.0,0.0,19.4,22.0
01/08/24,01:54,18.3,80,14.8,0,2,322,0.0,0.0,994.9,642.2,21.8,74,1,18.3,18.3,0.0,0,0.00,0.00,19.8,0,0.0,323,0.0,0.0,19.4,22.1
01/08/24,01:55,18.3,80,14.8,0,1,321,0.0,0.0,995.0,642.2,21.8,74,1,18.3,18.3,0.0,0,0.00,0.00,19.8,0,0.0,326,0.0,0.0,19.4,22.1
01/08/24,01:56,18.3,80,14.8,0,1,328,0.0,0.0,995.1,642.2,21.8,74,0,18.3,18.3,0.0,0,0.00,0.00,19.8,0,0.0,322,0.0,0.0,19.4,22.1
01/08/24,01:57,18.3,80,14.8,0,1,328,0.0,0.0,995.0,642.2,21.8,74,0,18.3,18.3,0.0,0,0.00,0.00,19.8,0,0.0,319,0.0,0.0,19.4,22.1
01/08/24,01:58,18.3,80,14.8,0,1,335,0.0,0.0,995.1,642.2,21.8,74,1,18.3,18.3,0.0,0,0.00,0.00,19.8,0,0.0,352,0.0,0.0,19.4,22.1
01/08/24,01:59,18.3,80,14.8,0,1,339,0.0,0.0,995.0,642.2,21.8,74,0,18.3,18.3,0.0,0,0.00,0.00,19.8,0,0.0,352,0.0,0.0,19.4,22.1
01/08/24,02:00,18.3,80,14.8,0,1,339,0.0,0.0,994.9,642.2,21.8,74,0,18.3,18.3,0.0,0,0.00,0.00,19.8,0,0.0,335,0.0,0.0,19.4,22.1
01/08/24,02:01,18.3,80,14.8,0,1,339,0.0,0.0,995.0,642.2,21.8,74,0,18.3,18.3,0.0,0,0.00,0.00,19.8,0,0.0,328,0.0,0.0,19.4,22.1
01/08/24,02:02,18.3,80,14.8,0,2,343,0.0,0.0,994.9,642.2,21.8,74,1,18.3,18.3,0.0,0,0.00,0.00,19.7,0,0.0,345,0.0,0.0,19.4,22.1
01/08/24,02:03,18.3,80,14.8,0,2,343,0.0,0.0,994.9,642.2,21.8,74,1,18.3,18.3,0.0,0,0.00,0.00,19.7,0,0.0,348,0.0,0.0,19.4,22.1
01/08/24,02:04,18.3,80,14.8,0,2,349,0.0,0.0,995.1,642.2,21.8,74,0,18.3,18.3,0.0,0,0.00,0.00,19.7,0,0.0,356,0.0,0.0,19.4,22.1
01/08/24,02:05,18.3,80,14.8,0,2,351,0.0,0.0,994.9,642.2,21.8,74,1,18.3,18.3,0.0,0,0.00,0.00,19.7,0,0.0,353,0.0,0.0,19.4,22.1
01/08/24,02:06,18.3,80,14.8,0,2,355,0.0,0.0,995.1,642.2,21.8,74,1,18.3,18.3,0.0,0,0.00,0.00,19.7,0,0.0,18,0.0,0.0,19.3,22.1
01/08/24,02:07,18.3,80,14.8,1,2,355,0.0,0.0,995.0,642.2,21.8,74,1,18.3,18.3,0.0,0,0.00,0.00,19.7,0,0.0,10,0.0,0.0,19.3,22.1
01/08/24,02:08,18.2,80,14.7,1,2,357,0.0,0.0,995.0,642.2,21.8,74,0,18.2,18.2,0.0,0,0.00,0.00,19.5,0,0.0,3,0.0,0.0,19.2,21.9
01/08/24,02:09,18.2,80,14.7,1,2,358,0.0,0.0,994.9,642.2,21.8,74,0,18.2,18.2,0.0,0,0.00,0.00,19.5,0,0.0,1,0.0,0.0,19.2,21.9
01/08/24,02:10,18.2,80,14.7,1,2,359,0.0,0.0,995.3,642.2,21.8,74,0,18.2,18.2,0.0,0,0.00,0.00,19.5,0,0.0,1,0.0,0.0,19.2,21.9
01/08/24,02:11,18.2,80,14.7,1,2,359,0.0,0.0,995.1,642.2,21.8,74,0,18.2,18.2,0.0,0,0.00,0.00,19.5,0,0.0,1,0.0,0.0,19.2,21.9
01/08/24,02:12,18.2,80,14.7,0,2,357,0.0,0.0,994.9,642.2,21.8,74,0,18.2,18.2,0.0,0,0.00,0.00,19.6,0,0.0,289,0.0,0.0,19.2,21.9
01/08/24,02:13,18.2,80,14.7,0,2,349,0.0,0.0,995.0,642.2,21.8,74,0,18.2,18.2,0.0,0,0.00,0.00,19.6,0,0.0,261,0.0,0.0,19.2,21.9
01/08/24,02:14,18.1,80,14.6,0,2,345,0.0,0.0,995.2,642.2,21.8,74,0,18.1,18.1,0.0,0,0.00,0.00,19.5,0,0.0,259,0.0,0.0,19.1,21.8
01/08/24,02:15,18.1,81,14.8,0,2,336,0.0,0.0,995.1,642.2,21.8,74,0,18.1,18.1,0.0,0,0.00,0.00,19.5,0,0.0,265,0.0,0.0,19.1,21.9
01/08/24,02:16,18.1,80,14.6,0,2,330,0.0,0.0,995.0,642.2,21.8,74,1,18.1,18.1,0.0,0,0.00,0.00,19.5,0,0.0,354,0.0,0.0,19.1,21.8
01/08/24,02:17,18.1,80,14.6,0,2,325,0.0,0.0,995.2,642.2,21.8,74,0,18.1,18.1,0.0,0,0.00,0.00,19.5,0,0.0,331,0.0,0.0,19.1,21.8
01/08/24,02:18,18.2,81,14.9,0,2,310,0.0,0.0,995.0,642.2,21.8,74,0,18.2,18.2,0.0,0,0.00,0.00,19.7,0,0.0,275,0.0,0.0,19.3,22.0
01/08/24,02:19,18.2,81,14.9,0,2,304,0.0,0.0,995.2,642.2,21.8,74,0,18.2,18.2,0.0,0,0.00,0.00,19.7,0,0.0,275,0.0,0.0,19.3,22.0
01/08/24,02:20,18.2,81,14.9,0,2,301,0.0,0.0,995.1,642.2,21.8,74,0,18.2,18.2,0.0,0,0.00,0.00,19.7,0,0.0,276,0.0,0.0,19.3,22.0
01/08/24,02:21,18.2,81,14.9,0,2,299,0.0,0.0,995.2,642.2,21.8,74,0,18.2,18.2,0.0,0,0.00,0.00,19.7,0,0.0,276,0.0,0.0,19.3,22.0
01/08/24,02:22,18.2,81,14.9,0,2,296,0.0,0.0,995.1,642.2,21.8,74,0,18.2,18.2,0.0,0,0.00,0.00,19.7,0,0.0,277,0.0,0.0,19.3,22.0
01/08/24,02:23,18.2,81,14.9,0,2,300,0.0,0.0,995.2,642.2,21.8,74,1,18.2,18.2,0.0,0,0.00,0.00,19.7,0,0.0,277,0.0,0.0,19.3,22.0
01/08/24,02:24,18.2,81,14.9,0,2,296,0.0,0.0,995.3,642.2,21.8,74,1,18.2,18.2,0.0,0,0.00,0.00,19.7,0,0.0,274,0.0,0.0,19.3,22.0
01/08/24,02:25,18.2,81,14.9,0,2,295,0.0,0.0,995.2,642.2,21.8,74,1,18.2,18.2,0.0,0,0.00,0.00,19.7,0,0.0,273,0.0,0.0,19.3,22.0
01/08/24,02:26,18.2,81,14.9,0,2,292,0.0,0.0,995.1,642.2,21.8,74,1,18.2,18.2,0.0,0,0.00,0.00,19.7,0,0.0,317,0.0,0.0,19.3,22.0
01/08/24,02:27,18.2,81,14.9,0,2,284,0.0,0.0,995.0,642.2,21.8,74,0,18.2,18.2,0.0,0,0.00,0.00,19.7,0,0.0,279,0.0,0.0,19.3,22.0
01/08/24,02:28,18.1,81,14.8,0,2,288,0.0,0.0,994.9,642.2,21.8,74,0,18.1,18.1,0.0,0,0.00,0.00,19.5,0,0.0,14,0.0,0.0,19.1,21.9
01/08/24,02:29,18.1,81,14.8,0,2,291,0.0,0.0,994.9,642.2,21.8,74,0,18.1,18.1,0.0,0,0.00,0.00,19.5,0,0.0,13,0.0,0.0,19.1,21.9
01/08/24,02:30,18.1,81,14.8,0,2,303,0.0,0.0,994.9,642.2,21.8,74,0,18.1,18.1,0.0,0,0.00,0.00,19.5,0,0.0,12,0.0,0.0,19.1,21.9
01/08/24,02:31,18.1,81,14.8,0,2,310,0.0,0.0,995.0,642.2,21.8,74,0,18.1,18.1,0.0,0,0.00,0.00,19.5,0,0.0,349,0.0,0.0,19.1,21.9
01/08/24,02:32,18.1,81,14.8,0,2,317,0.0,0.0,994.9,642.2,21.8,74,0,18.1,18.1,0.0,0,0.00,0.00,19.5,0,0.0,348,0.0,0.0,19.1,21.9
01/08/24,02:33,18.1,81,14.8,0,2,320,0.0,0.0,995.0,642.2,21.8,74,0,18.1,18.1,0.0,0,0.00,0.00,19.5,0,0.0,305,0.0,0.0,19.1,21.9
01/08/24,02:34,18.1,81,14.8,0,2,331,0.0,0.0,994.9,642.2,21.8,74,1,18.1,18.1,0.0,0,0.00,0.00,19.5,0,0.0,347,0.0,0.0,19.1,21.9
01/08/24,02:35,18.1,81,14.8,1,2,336,0.0,0.0,995.1,642.2,21.7,74,2,18.1,18.1,0.0,0,0.00,0.00,19.5,0,0.0,340,0.0,0.0,19.1,21.9
01/08/24,02:36,18.1,81,14.8,1,3,341,0.0,0.0,994.9,642.2,21.8,74,2,18.1,18.1,0.0,0,0.00,0.00,19.4,0,0.0,359,0.0,0.0,19.1,21.9
01/08/24,02:37,18.1,81,14.8,1,3,342,0.0,0.0,995.0,642.2,21.8,74,0,18.1,18.1,0.0,0,0.00,0.00,19.4,0,0.0,297,0.0,0.0,19.1,21.9
01/08/24,02:38,18.1,81,14.8,1,3,341,0.0,0.0,995.1,642.2,21.8,74,0,18.1,18.1,0.0,0,0.00,0.00,19.4,0,0.0,297,0.0,0.0,19.1,21.9
01/08/24,02:39,18.1,81,14.8,1,3,339,0.0,0.0,994.8,642.2,21.8,74,1,18.1,18.1,0.0,0,0.00,0.00,19.4,0,0.0,337,0.0,0.0,19.1,21.9
01/08/24,02:40,18.1,81,14.8,1,3,336,0.0,0.0,995.0,642.2,21.8,74,0,18.1,18.1,0.0,0,0.00,0.00,19.4,0,0.0,321,0.0,0.0,19.1,21.9
01/08/24,02:41,18.0,81,14.7,1,3,334,0.0,0.0,994.9,642.2,21.8,74,0,18.0,18.0,0.0,0,0.00,0.00,19.3,0,0.0,323,0.0,0.0,18.9,21.7
01/08/24,02:42,18.0,81,14.7,1,3,334,0.0,0.0,994.9,642.2,21.8,74,0,18.0,18.0,0.0,0,0.00,0.00,19.3,0,0.0,347,0.0,0.0,18.9,21.7
01/08/24,02:43,18.0,81,14.7,1,3,337,0.0,0.0,994.9,642.2,21.8,74,0,18.0,18.0,0.0,0,0.00,0.00,19.3,0,0.0,346,0.0,0.0,18.9,21.7
01/08/24,02:44,18.0,81,14.7,1,3,336,0.0,0.0,994.8,642.2,21.8,74,0,18.0,18.0,0.0,0,0.00,0.00,19.3,0,0.0,346,0.0,0.0,19.0,21.7
01/08/24,02:45,17.9,81,14.6,0,3,337,0.0,0.0,994.9,642.2,21.7,74,0,17.9,17.9,0.0,0,0.00,0.00,19.3,0,0.0,350,0.0,0.0,18.9,21.6
01/08/24,02:46,17.9,82,14.8,0,2,335,0.0,0.0,995.1,642.2,21.8,74,0,17.9,17.9,0.0,0,0.00,0.00,19.4,0,0.0,350,0.0,0.0,18.9,21.7
01/08/24,02:47,17.9,82,14.8,0,2,338,0.0,0.0,994.9,642.2,21.8,74,0,17.9,17.9,0.0,0,0.00,0.00,19.4,0,0.0,349,0.0,0.0,19.0,21.7
01/08/24,02:48,17.8,82,14.7,0,2,340,0.0,0.0,995.1,642.2,21.8,74,0,17.8,17.8,0.0,0,0.00,0.00,19.3,0,0.0,349,0.0,0.0,18.8,21.5
01/08/24,02:49,17.8,82,14.7,0,2,342,0.0,0.0,994.9,642.2,21.8,74,0,17.8,17.8,0.0,0,0.00,0.00,19.3,0,0.0,351,0.0,0.0,18.8,21.5
01/08/24,02:50,17.8,82,14.7,0,2,344,0.0,0.0,995.0,642.2,21.8,74,0,17.8,17.8,0.0,0,0.00,0.00,19.3,0,0.0,350,0.0,0.0,18.8,21.5
01/08/24,02:51,17.8,82,14.7,0,2,346,0.0,0.0,995.0,642.2,21.8,74,1,17.8,17.8,0.0,0,0.00,0.00,19.3,0,0.0,349,0.0,0.0,18.8,21.5
01/08/24,02:52,17.7,82,14.6,0,2,347,0.0,0.0,994.9,642.2,21.8,74,0,17.7,17.7,0.0,0,0.00,0.00,19.1,0,0.0,341,0.0,0.0,18.7,21.3
01/08/24,02:53,17.7,82,14.6,0,2,346,0.0,0.0,994.8,642.2,21.8,74,1,17.7,17.7,0.0,0,0.00,0.00,19.1,0,0.0,340,0.0,0.0,18.7,21.3
01/08/24,02:54,17.7,82,14.6,0,2,346,0.0,0.0,994.8,642.2,21.8,74,0,17.7,17.7,0.0,0,0.00,0.00,19.1,0,0.0,339,0.0,0.0,18.7,21.3
01/08/24,02:55,17.7,83,14.8,0,2,339,0.0,0.0,994.8,642.2,21.8,74,0,17.7,17.7,0.0,0,0.00,0.00,19.2,0,0.0,321,0.0,0.0,18.7,21.5
01/08/24,02:56,17.7,83,14.8,0,2,336,0.0,0.0,994.7,642.2,21.8,74,1,17.7,17.7,0.0,0,0.00,0.00,19.2,0,0.0,321,0.0,0.0,18.7,21.5
01/08/24,02:57,17.7,83,14.8,0,2,335,0.0,0.0,994.8,642.2,21.8,74,1,17.7,17.7,0.0,0,0.00,0.00,19.2,0,0.0,321,0.0,0.0,18.7,21.5
01/08/24,02:58,17.7,83,14.8,0,2,332,0.0,0.0,994.8,642.2,21.8,74,0,17.7,17.7,0.0,0,0.00,0.00,19.1,0,0.0,322,0.0,0.0,18.7,21.5
01/08/24,02:59,17.6,83,14.7,0,2,332,0.0,0.0,994.9,642.2,21.8,74,2,17.6,17.6,0.0,0,0.00,0.00,19.0,0,0.0,338,0.0,0.0,18.5,21.3
01/08/24,03:00,17.6,83,14.7,0,2,327,0.0,0.0,994.9,642.2,21.8,74,0,17.6,17.6,0.0,0,0.00,0.00,18.9,0,0.0,272,0.0,0.0,18.5,21.3
01/08/24,03:01,17.6,83,14.7,1,2,321,0.0,0.0,995.0,642.2,21.7,74,2,17.6,17.6,0.0,0,0.00,0.00,18.9,0,0.0,316,0.0,0.0,18.5,21.3
01/08/24,03:02,17.6,83,14.7,1,2,320,0.0,0.0,994.9,642.2,21.8,74,1,17.6,17.6,0.0,0,0.00,0.00,18.9,0,0.0,321,0.0,0.0,18.5,21.3
01/08/24,03:03,17.6,83,14.7,1,2,320,0.0,0.0,994.9,642.2,21.7,74,1,17.6,17.6,0.0,0,0.00,0.00,18.9,0,0.0,328,0.0,0.0,18.5,21.3
01/08/24,03:04,17.6,83,14.7,1,2,320,0.0,0.0,994.8,642.2,21.7,74,0,17.6,17.6,0.0,0,0.00,0.00,18.9,0,0.0,330,0.0,0.0,18.5,21.3
01/08/24,03:05,17.6,83,14.7,1,2,320,0.0,0.0,994.8,642.2,21.7,74,0,17.6,17.6,0.0,0,0.00,0.00,18.9,0,0.0,327,0.0,0.0,18.5,21.3
01/08/24,03:06,17.5,83,14.6,1,2,321,0.0,0.0,994.8,642.2,21.8,74,1,17.5,17.5,0.0,0,0.00,0.00,18.8,0,0.0,336,0.0,0.0,18.3,21.1
01/08/24,03:07,17.5,83,14.6,1,2,323,0.0,0.0,994.8,642.2,21.7,74,0,17.5,17.5,0.0,0,0.00,0.00,18.7,0,0.0,338,0.0,0.0,18.3,21.1
01/08/24,03:08,17.5,83,14.6,1,2,326,0.0,0.0,994.9,642.2,21.7,74,1,17.5,17.5,0.0,0,0.00,0.00,18.7,0,0.0,345,0.0,0.0,18.3,21.1
01/08/24,03:09,17.5,84,14.8,1,2,327,0.0,0.0,995.1,642.2,21.8,74,0,17.5,17.5,0.0,0,0.00,0.00,18.8,0,0.0,329,0.0,0.0,18.4,21.3
01/08/24,03:10,17.5,84,14.8,1,2,328,0.0,0.0,994.9,642.2,21.7,74,1,17.5,17.5,0.0,0,0.00,0.00,18.8,0,0.0,329,0.0,0.0,18.4,21.3
01/08/24,03:11,17.5,84,14.8,1,2,331,0.0,0.0,994.8,642.2,21.7,74,1,17.5,17.5,0.0,0,0.00,0.00,18.8,0,0.0,329,0.0,0.0,18.4,21.3
01/08/24,03:12,17.5,84,14.8,1,2,333,0.0,0.0,994.7,642.2,21.7,74,0,17.5,17.5,0.0,0,0.00,0.00,18.9,0,0.0,318,0.0,0.0,18.4,21.3
01/08/24,03:13,17.5,84,14.8,0,2,333,0.0,0.0,994.9,642.2,21.7,74,0,17.5,17.5,0.0,0,0.00,0.00,18.9,0,0.0,319,0.0,0.0,18.4,21.3
01/08/24,03:14,17.5,84,14.8,0,2,333,0.0,0.0,995.1,642.2,21.7,74,0,17.5,17.5,0.0,0,0.00,0.00,18.9,0,0.0,325,0.0,0.0,18.4,21.3
01/08/24,03:15,17.4,84,14.7,1,2,331,0.0,0.0,994.9,642.2,21.7,74,1,17.4,17.4,0.0,0,0.00,0.00,18.7,0,0.0,321,0.0,0.0,18.3,21.1
01/08/24,03:16,17.4,84,14.7,1,2,331,0.0,0.0,995.0,642.2,21.7,74,0,17.4,17.4,0.0,0,0.00,0.00,18.7,0,0.0,321,0.0,0.0,18.3,21.1
01/08/24,03:17,17.4,84,14.7,0,2,328,0.0,0.0,995.1,642.2,21.7,74,1,17.4,17.4,0.0,0,0.00,0.00,18.7,0,0.0,277,0.0,0.0,18.3,21.1
01/08/24,03:18,17.4,84,14.7,0,2,322,0.0,0.0,995.0,642.2,21.7,74,0,17.4,17.4,0.0,0,0.00,0.00,18.8,0,0.0,277,0.0,0.0,18.3,21.1
01/08/24,03:19,17.4,85,14.9,0,2,319,0.0,0.0,995.1,642.2,21.7,74,0,17.4,17.4,0.0,0,0.00,0.00,18.9,0,0.0,277,0.0,0.0,18.3,21.2
01/08/24,03:20,17.4,85,14.9,0,2,315,0.0,0.0,995.1,642.2,21.7,74,0,17.4,17.4,0.0,0,0.00,0.00,18.9,0,0.0,277,0.0,0.0,18.3,21.2
01/08/24,03:21,17.3,85,14.8,0,2,312,0.0,0.0,995.0,642.2,21.7,74,0,17.3,17.3,0.0,0,0.00,0.00,18.7,0,0.0,278,0.0,0.0,18.2,21.0
01/08/24,03:22,17.3,85,14.8,0,2,306,0.0,0.0,995.3,642.2,21.7,74,0,17.3,17.3,0.0,0,0.00,0.00,18.8,0,0.0,278,0.0,0.0,18.2,21.0
01/08/24,03:23,17.3,85,14.8,0,2,301,0.0,0.0,995.1,642.2,21.7,74,0,17.3,17.3,0.0,0,0.00,0.00,18.8,0,0.0,278,0.0,0.0,18.2,21.0
01/08/24,03:24,17.3,85,14.8,0,2,297,0.0,0.0,995.1,642.2,21.7,74,0,17.3,17.3,0.0,0,0.00,0.00,18.8,0,0.0,278,0.0,0.0,18.3,21.0
01/08/24,03:25,17.3,85,14.8,0,1,277,0.0,0.0,995.0,642.2,21.7,74,0,17.3,17.3,0.0,0,0.00,0.00,18.8,0,0.0,278,0.0,0.0,18.3,21.0
01/08/24,03:26,17.3,85,14.8,0,2,308,0.0,0.0,995.0,642.2,21.7,74,1,17.3,17.3,0.0,0,0.00,0.00,18.8,0,0.0,6,0.0,0.0,18.3,21.0
01/08/24,03:27,17.3,85,14.8,0,2,336,0.0,0.0,995.2,642.2,21.7,74,1,17.3,17.3,0.0,0,0.00,0.00,18.8,0,0.0,1,0.0,0.0,18.2,21.0
01/08/24,03:28,17.3,85,14.8,0,2,337,0.0,0.0,994.9,642.2,21.7,74,1,17.3,17.3,0.0,0,0.00,0.00,18.7,0,0.0,326,0.0,0.0,18.2,21.0
01/08/24,03:29,17.4,85,14.9,0,2,339,0.0,0.0,995.1,642.2,21.7,74,2,17.4,17.4,0.0,0,0.00,0.00,18.8,0,0.0,351,0.0,0.0,18.3,21.2
01/08/24,03:30,17.4,85,14.9,1,3,336,0.0,0.0,995.0,642.2,21.7,74,1,17.4,17.4,0.0,0,0.00,0.00,18.8,0,0.0,295,0.0,0.0,18.3,21.2
01/08/24,03:31,17.4,85,14.9,1,3,333,0.0,0.0,995.0,642.2,21.7,74,0,17.4,17.4,0.0,0,0.00,0.00,18.8,0,0.0,284,0.0,0.0,18.3,21.2
01/08/24,03:32,17.4,85,14.9,1,3,326,0.0,0.0,995.3,642.2,21.7,74,1,17.4,17.4,0.0,0,0.00,0.00,18.8,0,0.0,317,0.0,0.0,18.3,21.2
01/08/24,03:33,17.4,85,14.9,1,5,334,0.0,0.0,995.1,642.2,21.7,74,1,17.4,17.4,0.0,0,0.00,0.00,18.7,0,0.0,326,0.0,0.0,18.2,21.2
01/08/24,03:34,17.4,85,14.9,1,5,334,0.0,0.0,995.1,642.2,21.7,74,1,17.4,17.4,0.0,0,0.00,0.00,18.7,0,0.0,326,0.0,0.0,18.2,21.2
01/08/24,03:35,17.4,85,14.9,1,5,333,0.0,0.0,995.2,642.2,21.7,74,1,17.4,17.4,0.0,0,0.00,0.00,18.7,0,0.0,324,0.0,0.0,18.2,21.2
01/08/24,03:36,17.4,85,14.9,1,5,331,0.0,0.0,995.2,642.2,21.7,74,2,17.4,17.4,0.0,0,0.00,0.00,18.6,0,0.0,351,0.0,0.0,18.2,21.2
01/08/24,03:37,17.4,85,14.9,1,5,328,0.0,0.0,995.1,642.2,21.7,74,2,17.4,17.4,0.0,0,0.00,0.00,18.6,0,0.0,328,0.0,0.0,18.2,21.2
01/08/24,03:38,17.4,85,14.9,1,5,328,0.0,0.0,995.1,642.2,21.7,74,1,17.4,17.4,0.0,0,0.00,0.00,18.6,0,0.0,329,0.0,0.0,18.2,21.2
01/08/24,03:39,17.4,85,14.9,1,5,327,0.0,0.0,995.4,642.2,21.7,74,0,17.4,17.4,0.0,0,0.00,0.00,18.6,0,0.0,325,0.0,0.0,18.2,21.2
01/08/24,03:40,17.5,85,14.9,1,5,328,0.0,0.0,995.2,642.2,21.7,74,1,17.5,17.5,0.0,0,0.00,0.00,18.8,0,0.0,323,0.0,0.0,18.3,21.4
01/08/24,03:41,17.5,84,14.8,1,5,329,0.0,0.0,995.2,642.2,21.7,74,2,17.5,17.5,0.0,0,0.00,0.00,18.7,0,0.0,322,0.0,0.0,18.3,21.3
01/08/24,03:42,17.5,84,14.8,1,5,332,0.0,0.0,995.2,642.2,21.7,74,1,17.5,17.5,0.0,0,0.00,0.00,18.7,0,0.0,330,0.0,0.0,18.3,21.3
01/08/24,03:43,17.5,84,14.8,1,3,327,0.0,0.0,995.4,642.2,21.7,74,0,17.5,17.5,0.0,0,0.00,0.00,18.7,0,0.0,319,0.0,0.0,18.3,21.3
01/08/24,03:44,17.5,84,14.8,1,3,327,0.0,0.0,995.2,642.2,21.7,74,1,17.5,17.5,0.0,0,0.00,0.00,18.7,0,0.0,320,0.0,0.0,18.3,21.3
01/08/24,03:45,17.5,84,14.8,1,3,327,0.0,0.0,995.2,642.2,21.7,74,1,17.5,17.5,0.0,0,0.00,0.00,18.7,0,0.0,320,0.0,0.0,18.3,21.3
01/08/24,03:46,17.5,85,14.9,1,3,322,0.0,0.0,995.2,642.2,21.7,74,1,17.5,17.5,0.0,0,0.00,0.00,18.8,0,0.0,256,0.0,0.0,18.3,21.4
01/08/24,03:47,17.5,85,14.9,1,6,325,0.0,0.0,995.4,642.2,21.7,74,1,17.5,17.5,0.0,0,0.00,0.00,18.8,0,0.0,326,0.0,0.0,18.3,21.4
01/08/24,03:48,17.5,85,14.9,1,6,325,0.0,0.0,995.3,642.2,21.7,74,1,17.5,17.5,0.0,0,0.00,0.00,18.8,0,0.0,322,0.0,0.0,18.3,21.4
01/08/24,03:49,17.5,85,14.9,1,6,324,0.0,0.0,995.3,642.2,21.7,74,1,17.5,17.5,0.0,0,0.00,0.00,18.8,0,0.0,320,0.0,0.0,18.3,21.4
01/08/24,03:50,17.5,85,14.9,1,6,324,0.0,0.0,995.1,642.2,21.7,74,1,17.5,17.5,0.0,0,0.00,0.00,18.7,0,0.0,331,0.0,0.0,18.3,21.4
01/08/24,03:51,17.5,85,14.9,1,6,324,0.0,0.0,995.3,642.2,21.8,74,1,17.5,17.5,0.0,0,0.00,0.00,18.7,0,0.0,317,0.0,0.0,18.3,21.4
01/08/24,03:52,17.5,85,14.9,1,6,323,0.0,0.0,995.4,642.2,21.7,74,0,17.5,17.5,0.0,0,0.00,0.00,18.7,0,0.0,315,0.0,0.0,18.3,21.4
01/08/24,03:53,17.5,85,14.9,1,6,322,0.0,0.0,995.2,642.2,21.7,74,3,17.5,17.5,0.0,0,0.00,0.00,18.7,0,0.0,322,0.0,0.0,18.3,21.4
01/08/24,03:54,17.5,85,14.9,1,6,323,0.0,0.0,995.4,642.2,21.8,74,1,17.5,17.5,0.0,0,0.00,0.00,18.7,0,0.0,327,0.0,0.0,18.3,21.4
01/08/24,03:55,17.5,85,14.9,1,6,321,0.0,0.0,995.4,642.2,21.7,74,0,17.5,17.5,0.0,0,0.00,0.00,18.7,0,0.0,295,0.0,0.0,18.3,21.4
01/08/24,03:56,17.5,85,14.9,1,6,321,0.0,0.0,995.4,642.2,21.7,74,1,17.5,17.5,0.0,0,0.00,0.00,18.7,0,0.0,261,0.0,0.0,18.3,21.4
01/08/24,03:57,17.5,86,15.1,1,5,316,0.0,0.0,995.7,642.2,21.7,74,2,17.5,17.5,0.0,0,0.00,0.00,18.8,0,0.0,311,0.0,0.0,18.3,21.5
01/08/24,03:58,17.4,86,15.0,1,5,317,0.0,0.0,995.7,642.2,21.7,74,3,17.4,17.4,0.0,0,0.00,0.00,18.6,0,0.0,331,0.0,0.0,18.2,21.3
01/08/24,03:59,17.4,86,15.0,1,5,312,0.0,0.0,995.7,642.2,21.8,74,0,17.4,17.4,0.0,0,0.00,0.00,18.6,0,0.0,260,0.0,0.0,18.2,21.3
01/08/24,04:00,17.4,86,15.0,1,5,305,0.0,0.0,995.7,642.2,21.8,74,1,17.4,17.4,0.0,0,0.00,0.00,18.7,0,0.0,256,0.0,0.0,18.2,21.3
01/08/24,04:01,17.4,86,15.0,1,5,297,0.0,0.0,995.5,642.2,21.7,74,0,17.4,17.4,0.0,0,0.00,0.00,18.7,0,0.0,239,0.0,0.0,18.2,21.3
01/08/24,04:02,17.4,86,15.0,1,5,294,0.0,0.0,995.5,642.2,21.7,74,0,17.4,17.4,0.0,0,0.00,0.00,18.7,0,0.0,260,0.0,0.0,18.2,21.3
01/08/24,04:03,17.3,87,15.1,1,5,294,0.0,0.0,995.7,642.2,21.7,74,1,17.3,17.3,0.0,0,0.00,0.00,18.6,0,0.0,324,0.0,0.0,18.1,21.3
01/08/24,04:04,17.3,87,15.1,1,5,292,0.0,0.0,995.5,642.2,21.7,74,2,17.3,17.3,0.0,0,0.00,0.00,18.6,0,0.0,320,0.0,0.0,18.1,21.3
01/08/24,04:05,17.3,87,15.1,1,5,294,0.0,0.0,995.5,642.2,21.8,74,1,17.3,17.3,0.0,0,0.00,0.00,18.6,0,0.0,310,0.0,0.0,18.1,21.3
01/08/24,04:06,17.3,87,15.1,1,5,295,0.0,0.0,995.5,642.2,21.8,74,0,17.3,17.3,0.0,0,0.00,0.00,18.6,0,0.0,293,0.0,0.0,18.1,21.3
01/08/24,04:07,17.3,87,15.1,1,5,293,0.0,0.0,995.6,642.2,21.8,74,0,17.3,17.3,0.0,0,0.00,0.00,18.7,0,0.0,291,0.0,0.0,18.1,21.3
01/08/24,04:08,17.3,87,15.1,1,3,284,0.0,0.0,995.5,642.2,21.8,74,1,17.3,17.3,0.0,0,0.00,0.00,18.7,0,0.0,301,0.0,0.0,18.2,21.3
01/08/24,04:09,17.3,87,15.1,1,3,289,0.0,0.0,995.6,642.2,21.8,74,1,17.3,17.3,0.0,0,0.00,0.00,18.7,0,0.0,303,0.0,0.0,18.2,21.3
01/08/24,04:10,17.3,87,15.1,1,3,296,0.0,0.0,995.4,642.2,21.7,74,1,17.3,17.3,0.0,0,0.00,0.00,18.7,0,0.0,305,0.0,0.0,18.2,21.3
01/08/24,04:11,17.3,87,15.1,1,3,305,0.0,0.0,995.4,642.2,21.7,74,2,17.3,17.3,0.0,0,0.00,0.00,18.7,0,0.0,319,0.0,0.0,18.2,21.3
01/08/24,04:12,17.3,87,15.1,1,3,307,0.0,0.0,995.5,642.2,21.7,74,1,17.3,17.3,0.0,0,0.00,0.00,18.7,0,0.0,302,0.0,0.0,18.2,21.3
01/08/24,04:13,17.2,87,15.0,1,3,307,0.0,0.0,995.6,642.2,21.7,74,2,17.2,17.2,0.0,0,0.00,0.00,18.5,0,0.0,316,0.0,0.0,18.0,21.1
01/08/24,04:14,17.2,87,15.0,1,3,307,0.0,0.0,995.4,642.2,21.7,74,1,17.2,17.2,0.0,0,0.00,0.00,18.5,0,0.0,311,0.0,0.0,18.0,21.1
01/08/24,04:15,17.2,87,15.0,1,3,306,0.0,0.0,995.3,642.2,21.7,74,2,17.2,17.2,0.0,0,0.00,0.00,18.5,0,0.0,321,0.0,0.0,18.0,21.1
01/08/24,04:16,17.2,88,15.2,1,3,307,0.0,0.0,995.3,642.2,21.7,74,1,17.2,17.2,0.0,0,0.00,0.00,18.6,0,0.0,314,0.0,0.0,18.0,21.2
01/08/24,04:17,17.2,88,15.2,1,3,308,0.0,0.0,995.3,642.2,21.7,74,1,17.2,17.2,0.0,0,0.00,0.00,18.5,0,0.0,308,0.0,0.0,18.0,21.2
01/08/24,04:18,17.2,88,15.2,1,3,309,0.0,0.0,995.5,642.2,21.7,74,1,17.2,17.2,0.0,0,0.00,0.00,18.5,0,0.0,304,0.0,0.0,18.0,21.2
01/08/24,04:19,17.2,88,15.2,1,3,308,0.0,0.0,995.4,642.2,21.7,74,0,17.2,17.2,0.0,0,0.00,0.00,18.5,0,0.0,275,0.0,0.0,18.0,21.2
01/08/24,04:20,17.2,88,15.2,1,3,309,0.0,0.0,995.3,642.2,21.7,74,1,17.2,17.2,0.0,0,0.00,0.00,18.5,0,0.0,298,0.0,0.0,18.0,21.2
01/08/24,04:21,17.2,88,15.2,1,3,308,0.0,0.0,995.4,642.2,21.7,74,0,17.2,17.2,0.0,0,0.00,0.00,18.6,0,0.0,282,0.0,0.0,18.0,21.2
01/08/24,04:22,17.1,88,15.1,1,3,308,0.0,0.0,995.3,642.2,21.7,74,0,17.1,17.1,0.0,0,0.00,0.00,18.5,0,0.0,283,0.0,0.0,17.9,21.1
01/08/24,04:23,17.1,88,15.1,1,3,307,0.0,0.0,994.9,642.2,21.7,74,1,17.1,17.1,0.0,0,0.00,0.00,18.4,0,0.0,295,0.0,0.0,17.9,21.1
01/08/24,04:24,17.1,88,15.1,1,2,304,0.0,0.0,995.3,642.2,21.7,74,0,17.1,17.1,0.0,0,0.00,0.00,18.5,0,0.0,291,0.0,0.0,17.9,21.1
01/08/24,04:25,17.1,88,15.1,1,2,301,0.0,0.0,995.4,642.2,21.7,74,1,17.1,17.1,0.0,0,0.00,0.00,18.5,0,0.0,310,0.0,0.0,17.9,21.1
01/08/24,04:26,17.1,88,15.1,1,3,301,0.0,0.0,995.1,642.2,21.7,74,1,17.1,17.1,0.0,0,0.00,0.00,18.5,0,0.0,308,0.0,0.0,17.9,21.1
01/08/24,04:27,17.0,88,15.0,1,3,299,0.0,0.0,995.3,642.2,21.7,74,1,17.0,17.0,0.0,0,0.00,0.00,18.3,0,0.0,306,0.0,0.0,17.8,20.9
01/08/24,04:28,17.0,88,15.0,1,3,299,0.0,0.0,995.3,642.2,21.7,74,0,17.0,17.0,0.0,0,0.00,0.00,18.3,0,0.0,291,0.0,0.0,17.8,20.9
01/08/24,04:29,17.0,88,15.0,1,3,298,0.0,0.0,995.1,642.2,21.7,74,1,17.0,17.0,0.0,0,0.00,0.00,18.3,0,0.0,293,0.0,0.0,17.8,20.9
01/08/24,04:30,17.0,88,15.0,1,3,298,0.0,0.0,995.1,642.2,21.7,74,2,17.0,17.0,0.0,0,0.00,0.00,18.3,0,0.0,295,0.0,0.0,17.8,20.9
01/08/24,04:31,17.0,89,15.2,1,5,300,0.0,0.0,995.2,642.2,21.7,74,1,17.0,17.0,0.0,0,0.00,0.00,18.3,0,0.0,297,0.0,0.0,17.8,21.0
01/08/24,04:32,16.9,89,15.1,1,5,300,0.0,0.0,995.0,642.2,21.7,74,1,16.9,16.9,0.0,0,0.00,0.00,18.2,0,0.0,293,0.0,0.0,17.6,20.8
01/08/24,04:33,16.9,89,15.1,1,5,300,0.0,0.0,995.1,642.2,21.7,74,0,16.9,16.9,0.0,0,0.00,0.00,18.2,0,0.0,289,0.0,0.0,17.6,20.8
01/08/24,04:34,16.9,89,15.1,1,5,299,0.0,0.0,995.0,642.2,21.7,74,1,16.9,16.9,0.0,0,0.00,0.00,18.2,0,0.0,288,0.0,0.0,17.7,20.8
01/08/24,04:35,16.9,89,15.1,1,5,297,0.0,0.0,995.2,642.2,21.7,74,0,16.9,16.9,0.0,0,0.00,0.00,18.2,0,0.0,272,0.0,0.0,17.7,20.8
01/08/24,04:36,16.9,89,15.1,1,5,299,0.0,0.0,995.2,642.2,21.7,74,2,16.9,16.9,0.0,0,0.00,0.00,18.2,0,0.0,303,0.0,0.0,17.6,20.8
01/08/24,04:37,16.9,89,15.1,1,5,300,0.0,0.0,995.3,642.2,21.7,74,0,16.9,16.9,0.0,0,0.00,0.00,18.2,0,0.0,298,0.0,0.0,17.7,20.8
01/08/24,04:38,16.9,89,15.1,1,5,300,0.0,0.0,995.1,642.2,21.7,74,0,16.9,16.9,0.0,0,0.00,0.00,18.2,0,0.0,297,0.0,0.0,17.7,20.8
01/08/24,04:39,16.8,89,15.0,1,5,304,0.0,0.0,995.0,642.2,21.7,74,3,16.8,16.8,0.0,0,0.00,0.00,18.1,0,0.0,332,0.0,0.0,17.5,20.7
01/08/24,04:40,16.8,89,15.0,1,5,304,0.0,0.0,995.1,642.2,21.7,74,1,16.8,16.8,0.0,0,0.00,0.00,18.1,0,0.0,303,0.0,0.0,17.5,20.7
01/08/24,04:41,16.8,89,15.0,1,5,303,0.0,0.0,995.1,642.2,21.7,74,0,16.8,16.8,0.0,0,0.00,0.00,18.1,0,0.0,294,0.0,0.0,17.6,20.7
01/08/24,04:42,16.8,89,15.0,1,5,303,0.0,0.0,995.0,642.2,21.6,74,1,16.8,16.8,0.0,0,0.00,0.00,18.1,0,0.0,302,0.0,0.0,17.5,20.7
01/08/24,04:43,16.8,89,15.0,1,5,303,0.0,0.0,995.2,642.2,21.7,74,0,16.8,16.8,0.0,0,0.00,0.00,18.1,0,0.0,290,0.0,0.0,17.5,20.7
01/08/24,04:44,16.8,89,15.0,1,5,304,0.0,0.0,995.2,642.2,21.7,74,1,16.8,16.8,0.0,0,0.00,0.00,18.1,0,0.0,298,0.0,0.0,17.5,20.7
01/08/24,04:45,16.8,89,15.0,1,5,306,0.0,0.0,995.2,642.2,21.7,74,2,16.8,16.8,0.0,0,0.00,0.00,18.1,0,0.0,299,0.0,0.0,17.5,20.7
01/08/24,04:46,16.8,89,15.0,1,5,304,0.0,0.0,995.2,642.2,21.6,74,0,16.8,16.8,0.0,0,0.00,0.00,18.1,0,0.0,298,0.0,0.0,17.6,20.7
01/08/24,04:47,16.8,89,15.0,1,5,304,0.0,0.0,995.1,642.2,21.7,74,0,16.8,16.8,0.0,0,0.00,0.00,18.2,0,0.0,298,0.0,0.0,17.6,20.7
01/08/24,04:48,16.8,89,15.0,1,5,304,0.0,0.0,995.4,642.2,21.7,74,0,16.8,16.8,0.0,0,0.00,0.00,18.2,0,0.0,297,0.0,0.0,17.6,20.7
01/08/24,04:49,16.8,89,15.0,1,3,299,0.0,0.0,995.2,642.2,21.7,74,0,16.8,16.8,0.0,0,0.00,0.00,18.2,0,0.0,298,0.0,0.0,17.6,20.7
01/08/24,04:50,16.8,89,15.0,0,2,297,0.0,0.0,995.1,642.2,21.7,74,0,16.8,16.8,0.0,0,0.00,0.00,18.3,0,0.0,298,0.0,0.0,17.6,20.7
01/08/24,04:51,16.8,90,15.1,0,2,297,0.0,0.0,995.3,642.2,21.6,74,0,16.8,16.8,0.0,0,0.00,0.00,18.3,0,0.0,294,0.0,0.0,17.7,20.8
01/08/24,04:52,16.8,90,15.1,0,2,297,0.0,0.0,995.5,642.2,21.7,74,0,16.8,16.8,0.0,0,0.00,0.00,18.4,0,0.0,287,0.0,0.0,17.7,20.8
01/08/24,04:53,16.8,90,15.1,0,2,296,0.0,0.0,995.4,642.2,21.7,74,1,16.8,16.8,0.0,0,0.00,0.00,18.4,0,0.0,288,0.0,0.0,17.7,20.8
01/08/24,04:54,16.8,90,15.1,0,2,295,0.0,0.0,995.2,642.2,21.7,74,2,16.8,16.8,0.0,0,0.00,0.00,18.4,0,0.0,308,0.0,0.0,17.7,20.8
01/08/24,04:55,16.8,90,15.1,0,2,294,0.0,0.0,995.3,642.2,21.6,74,1,16.8,16.8,0.0,0,0.00,0.00,18.4,0,0.0,290,0.0,0.0,17.7,20.8
01/08/24,04:56,16.8,90,15.1,0,2,293,0.0,0.0,995.2,642.2,21.6,74,0,16.8,16.8,0.0,0,0.00,0.00,18.4,0,0.0,290,0.0,0.0,17.7,20.8
01/08/24,04:57,16.8,90,15.1,0,2,292,0.0,0.0,995.3,642.2,21.6,74,0,16.8,16.8,0.0,0,0.00,0.00,18.4,0,0.0,290,0.0,0.0,17.7,20.8
01/08/24,04:58,16.8,90,15.1,0,2,292,0.0,0.0,995.2,642.2,21.7,74,0,16.8,16.8,0.0,0,0.00,0.00,18.4,0,0.0,290,0.0,0.0,17.7,20.8
01/08/24,04:59,16.8,90,15.1,0,2,292,0.0,0.0,995.1,642.2,21.6,74,0,16.8,16.8,0.0,0,0.00,0.00,18.4,0,0.0,290,0.0,0.0,17.7,20.8
01/08/24,05:00,16.8,90,15.1,0,2,292,0.0,0.0,995.1,642.2,21.6,74,0,16.8,16.8,0.0,0,0.00,0.00,18.4,0,0.0,290,0.0,0.0,17.7,20.8
01/08/24,05:01,16.8,90,15.1,0,2,291,0.0,0.0,995.0,642.2,21.6,74,0,16.8,16.8,0.0,0,0.00,0.00,18.4,0,0.0,290,0.0,0.0,17.7,20.8
01/08/24,05:02,16.8,90,15.1,0,2,292,0.0,0.0,995.1,642.2,21.6,74,0,16.8,16.8,0.0,0,0.00,0.00,18.4,0,0.0,290,0.0,0.0,17.7,20.8
01/08/24,05:03,16.8,91,15.3,0,2,293,0.0,0.0,995.2,642.2,21.6,74,0,16.8,16.8,0.0,0,0.00,0.00,18.5,0,0.0,290,0.0,0.0,17.8,20.9
01/08/24,05:04,16.8,91,15.3,0,2,292,0.0,0.0,995.2,642.2,21.6,74,0,16.8,16.8,0.0,0,0.00,0.00,18.5,0,0.0,290,0.0,0.0,17.8,20.9
01/08/24,05:05,16.8,91,15.3,0,1,290,0.0,0.0,995.0,642.2,21.6,74,0,16.8,16.8,0.0,0,0.00,0.00,18.5,0,0.0,290,0.0,0.0,17.8,20.9
01/08/24,05:06,16.8,91,15.3,0,1,290,0.0,0.0,995.3,642.2,21.6,74,0,16.8,16.8,0.0,0,0.00,0.00,18.5,0,0.0,290,0.0,0.0,17.8,20.9
01/08/24,05:07,16.8,91,15.3,0,1,290,0.0,0.0,995.2,642.2,21.6,74,0,16.8,16.8,0.0,0,0.00,0.00,18.5,0,0.0,290,0.0,0.0,17.8,20.9
01/08/24,05:08,16.8,91,15.3,0,1,290,0.0,0.0,995.1,642.2,21.6,74,0,16.8,16.8,0.0,0,0.00,0.00,18.5,0,0.0,290,0.0,0.0,17.8,20.9
01/08/24,05:09,16.8,91,15.3,0,1,290,0.0,0.0,995.1,642.2,21.6,74,1,16.8,16.8,0.0,0,0.00,0.00,18.5,0,0.0,290,0.0,0.0,17.8,20.9
01/08/24,05:10,16.8,91,15.3,0,1,290,0.0,0.0,995.1,642.2,21.6,74,0,16.8,16.8,0.0,0,0.00,0.00,18.5,0,0.0,290,0.0,0.0,17.8,20.9
01/08/24,05:11,16.8,91,15.3,0,1,289,0.0,0.0,995.0,642.2,21.6,74,0,16.8,16.8,0.0,0,0.00,0.00,18.5,0,0.0,279,0.0,0.0,17.8,20.9
01/08/24,05:12,16.8,91,15.3,0,1,288,0.0,0.0,995.1,642.2,21.6,74,1,16.8,16.8,0.0,0,0.00,0.00,18.5,0,0.0,295,0.0,0.0,17.8,20.9
01/08/24,05:13,16.8,91,15.3,0,1,289,0.0,0.0,995.0,642.2,21.6,74,0,16.8,16.8,0.0,0,0.00,0.00,18.5,0,0.0,290,0.0,0.0,17.8,20.9
01/08/24,05:14,16.8,91,15.3,0,1,289,0.0,0.0,995.2,642.2,21.6,74,0,16.8,16.8,0.0,0,0.00,0.00,18.5,0,0.0,280,0.0,0.0,17.8,20.9
01/08/24,05:15,16.8,92,15.5,0,1,287,1.8,0.3,995.0,642.5,21.6,74,1,16.8,16.8,0.0,0,0.00,0.00,18.5,0,0.0,280,0.0,0.3,17.8,21.0
01/08/24,05:16,16.8,92,15.5,0,1,285,1.8,0.3,995.0,642.5,21.6,74,0,16.8,16.8,0.0,0,0.00,0.00,18.5,0,0.0,280,0.0,0.3,17.8,21.0
01/08/24,05:17,16.8,92,15.5,0,2,284,1.8,0.3,995.0,642.5,21.6,75,1,16.8,16.8,0.0,0,0.00,0.00,18.5,0,0.0,282,0.0,0.3,17.8,21.0
01/08/24,05:18,16.8,92,15.5,0,2,284,1.8,0.3,995.0,642.5,21.6,74,0,16.8,16.8,0.0,0,0.00,0.00,18.5,0,0.0,282,0.0,0.3,17.8,21.0
01/08/24,05:19,16.8,92,15.5,0,2,283,1.8,0.3,994.8,642.5,21.6,74,0,16.8,16.8,0.0,0,0.00,0.00,18.5,0,0.0,282,0.0,0.3,17.8,21.0
01/08/24,05:20,16.8,92,15.5,0,2,282,1.8,0.3,994.9,642.5,21.6,75,0,16.8,16.8,0.0,0,0.00,0.00,18.5,0,0.0,282,0.0,0.3,17.8,21.0
01/08/24,05:21,16.8,92,15.5,0,2,282,1.8,0.3,994.8,642.5,21.6,75,0,16.8,16.8,0.0,0,0.00,0.00,18.5,0,0.0,280,0.0,0.3,17.8,21.0
01/08/24,05:22,16.8,92,15.5,0,2,281,1.8,0.3,994.9,642.5,21.6,74,0,16.8,16.8,0.0,0,0.00,0.00,18.6,0,0.0,277,0.0,0.3,17.8,21.0
01/08/24,05:23,16.8,92,15.5,0,2,281,1.8,0.3,994.9,642.5,21.6,74,0,16.8,16.8,0.0,0,0.00,0.00,18.6,0,0.0,277,0.0,0.3,17.8,21.0
01/08/24,05:24,16.7,92,15.4,0,2,281,0.0,0.3,994.8,642.5,21.6,74,0,16.7,16.7,0.0,0,0.00,0.00,18.4,0,0.0,277,0.0,0.3,17.7,20.8
01/08/24,05:25,16.7,93,15.6,0,2,281,0.0,0.3,995.0,642.5,21.6,75,0,16.7,16.7,0.0,0,0.00,0.00,18.5,0,0.0,277,0.0,0.3,17.7,20.9
01/08/24,05:26,16.7,93,15.6,0,2,282,0.0,0.3,995.0,642.5,21.6,75,0,16.7,16.7,0.0,0,0.00,0.00,18.5,0,0.0,277,0.0,0.3,17.7,20.9
01/08/24,05:27,16.7,93,15.6,0,2,280,0.0,0.3,995.0,642.5,21.6,75,0,16.7,16.7,0.0,0,0.00,0.00,18.5,0,0.0,278,0.0,0.3,17.7,20.9
01/08/24,05:28,16.7,93,15.6,0,1,278,0.0,0.3,995.0,642.5,21.6,75,0,16.7,16.7,0.0,1,0.00,0.00,18.5,0,0.0,278,0.0,0.3,17.7,20.9
01/08/24,05:29,16.7,93,15.6,0,1,278,0.0,0.3,994.9,642.5,21.6,75,0,16.7,16.7,0.0,1,0.00,0.00,18.5,0,0.0,275,0.0,0.3,17.7,20.9
01/08/24,05:30,16.7,93,15.6,0,1,278,0.0,0.3,994.9,642.5,21.6,75,0,16.7,16.7,0.0,1,0.00,0.00,18.5,0,0.0,275,0.0,0.3,17.7,20.9
01/08/24,05:31,16.7,93,15.6,0,1,278,0.0,0.3,995.0,642.5,21.6,75,0,16.7,16.7,0.0,1,0.00,0.00,18.5,0,0.0,275,0.0,0.3,17.7,20.9
01/08/24,05:32,16.7,93,15.6,0,1,278,1.8,0.6,994.9,642.8,21.6,75,0,16.7,16.7,0.0,1,0.00,0.00,18.5,0,0.0,275,0.0,0.6,17.7,20.9
01/08/24,05:33,16.7,93,15.6,0,1,278,1.8,0.6,994.8,642.8,21.6,75,0,16.7,16.7,0.0,2,0.00,0.00,18.5,0,0.0,275,0.0,0.6,17.7,20.9
01/08/24,05:34,16.7,93,15.6,0,1,278,1.8,0.6,994.9,642.8,21.6,75,0,16.7,16.7,0.0,2,0.00,0.00,18.5,0,0.0,275,0.0,0.6,17.7,20.9
01/08/24,05:35,16.7,93,15.6,0,1,278,1.8,0.6,994.9,642.8,21.6,75,0,16.7,16.7,0.0,2,0.00,0.00,18.5,0,0.0,275,0.0,0.6,17.7,20.9
01/08/24,05:36,16.6,93,15.5,0,1,278,1.8,0.6,994.8,642.8,21.6,75,0,16.6,16.6,0.0,2,0.00,0.00,18.4,0,0.0,275,0.0,0.6,17.6,20.8
01/08/24,05:37,16.6,93,15.5,0,0,0,1.8,0.6,994.9,642.8,21.6,75,0,16.6,16.6,0.0,2,0.00,0.00,18.4,0,0.0,275,0.0,0.6,17.6,20.8
01/08/24,05:38,16.6,93,15.5,0,0,0,1.8,0.6,994.9,642.8,21.6,75,0,16.6,16.6,0.0,2,0.00,0.00,18.4,0,0.0,275,0.0,0.6,17.6,20.8
01/08/24,05:39,16.6,93,15.5,0,0,0,1.8,0.6,994.9,642.8,21.6,75,0,16.6,16.6,0.0,3,0.00,0.00,18.4,0,0.0,275,0.0,0.6,17.6,20.8
01/08/24,05:40,16.6,93,15.5,0,0,0,1.8,0.6,994.9,642.8,21.6,75,0,16.6,16.6,0.0,3,0.00,0.00,18.4,0,0.0,275,0.0,0.6,17.6,20.8
01/08/24,05:41,16.6,93,15.5,0,0,0,1.8,0.6,995.0,642.8,21.6,75,0,16.6,16.6,0.0,3,0.00,0.00,18.4,0,0.0,275,0.0,0.6,17.6,20.8
01/08/24,05:42,16.6,93,15.5,0,0,0,0.0,0.6,995.1,642.8,21.6,75,0,16.6,16.6,0.0,3,0.00,0.00,18.4,0,0.0,275,0.0,0.6,17.6,20.8
01/08/24,05:43,16.6,93,15.5,0,0,0,0.0,0.6,994.8,642.8,21.6,75,0,16.6,16.6,0.0,3,0.00,0.00,18.4,0,0.0,275,0.0,0.6,17.6,20.8
01/08/24,05:44,16.6,93,15.5,0,0,0,0.0,0.6,995.0,642.8,21.6,75,0,16.6,16.6,0.0,3,0.00,0.00,18.4,0,0.0,275,0.0,0.6,17.6,20.8
01/08/24,05:45,16.5,93,15.4,0,0,0,0.0,0.6,994.7,642.8,21.6,75,0,16.5,16.5,0.0,3,0.00,0.00,18.2,0,0.0,275,0.0,0.6,17.4,20.6
01/08/24,05:46,16.5,93,15.4,0,0,0,0.0,0.6,994.9,642.8,21.6,75,0,16.5,16.5,0.0,3,0.00,0.00,18.2,1,0.0,275,0.0,0.6,17.4,20.6
01/08/24,05:47,16.5,93,15.4,0,0,0,0.0,0.6,994.9,642.8,21.6,75,0,16.5,16.5,0.0,4,0.00,0.00,18.2,1,0.0,275,0.0,0.6,17.4,20.6
01/08/24,05:48,16.5,94,15.5,0,0,0,0.0,0.6,995.1,642.8,21.6,75,0,16.5,16.5,0.0,4,0.00,0.00,18.3,1,0.0,275,0.0,0.6,17.5,20.7
01/08/24,05:49,16.5,94,15.5,0,0,0,0.0,0.6,994.9,642.8,21.6,75,0,16.5,16.5,0.0,4,0.00,0.00,18.3,1,0.0,275,0.0,0.6,17.5,20.7
01/08/24,05:50,16.6,94,15.6,0,0,0,0.0,0.6,994.9,642.8,21.6,75,0,16.6,16.6,0.0,4,0.00,0.00,18.4,1,0.0,275,0.0,0.6,17.6,20.9
01/08/24,05:51,16.6,94,15.6,0,0,0,0.0,0.6,994.8,642.8,21.6,75,0,16.6,16.6,0.0,4,0.00,0.00,18.4,1,0.0,275,0.0,0.6,17.6,20.9
01/08/24,05:52,16.6,94,15.6,0,0,0,0.0,0.6,994.9,642.8,21.6,75,0,16.6,16.6,0.0,4,0.00,0.00,18.4,2,0.0,275,0.0,0.6,17.6,20.9
01/08/24,05:53,16.6,94,15.6,0,0,0,0.0,0.6,994.9,642.8,21.6,75,0,16.6,16.6,0.0,5,0.00,0.00,18.4,2,0.0,275,0.0,0.6,17.6,20.9
01/08/24,05:54,16.6,94,15.6,0,0,0,0.0,0.6,994.9,642.8,21.6,75,0,16.6,16.6,0.0,6,0.00,0.00,18.4,2,0.0,275,0.0,0.6,17.6,20.9
01/08/24,05:55,16.6,94,15.6,0,0,0,0.0,0.6,994.9,642.8,21.6,75,0,16.6,16.6,0.0,6,0.00,0.00,18.4,3,0.0,275,0.0,0.6,17.6,20.9
01/08/24,05:56,16.7,94,15.7,0,0,0,0.0,0.6,994.9,642.8,21.6,75,0,16.7,16.7,0.0,7,0.00,0.00,18.6,3,0.0,275,0.0,0.6,17.7,21.1
01/08/24,05:57,16.7,94,15.7,0,0,0,0.0,0.6,994.8,642.8,21.6,75,0,16.7,16.7,0.0,8,0.00,0.00,18.6,3,0.0,275,0.0,0.6,17.7,21.1
01/08/24,05:58,16.7,94,15.7,0,0,0,0.0,0.6,994.9,642.8,21.6,75,0,16.7,16.7,0.0,9,0.00,0.00,18.6,4,0.0,275,0.0,0.6,17.7,21.1
01/08/24,05:59,16.7,94,15.7,0,0,0,0.0,0.6,995.0,642.8,21.6,75,0,16.7,16.7,0.0,9,0.00,0.00,18.6,4,0.0,275,0.0,0.6,17.7,21.1
01/08/24,06:00,16.7,94,15.7,0,0,0,0.0,0.6,994.8,642.8,21.6,75,0,16.7,16.7,0.0,9,0.00,0.00,18.6,5,0.0,274,0.0,0.6,17.7,21.1
01/08/24,06:01,16.7,94,15.7,0,0,0,0.0,0.6,994.9,642.8,21.6,75,0,16.7,16.7,0.0,8,0.00,0.00,18.6,5,0.0,274,0.0,0.6,17.7,21.1
01/08/24,06:02,16.7,94,15.7,0,2,281,0.0,0.6,994.8,642.8,21.6,75,1,16.7,16.7,0.0,8,0.00,0.00,18.6,6,0.0,284,0.0,0.6,17.7,21.1
01/08/24,06:03,16.7,94,15.7,0,2,285,0.0,0.6,994.9,642.8,21.6,75,1,16.7,16.7,0.0,9,0.00,0.00,18.6,7,0.0,293,0.0,0.6,17.7,21.1
01/08/24,06:04,16.7,94,15.7,0,2,289,0.0,0.6,995.0,642.8,21.6,75,1,16.7,16.7,0.0,9,0.00,0.00,18.5,7,0.0,292,0.0,0.6,17.7,21.1
01/08/24,06:05,16.7,94,15.7,0,2,291,0.0,0.6,995.0,642.8,21.6,75,1,16.7,16.7,0.0,9,0.00,0.00,18.5,8,0.0,290,0.0,0.6,17.7,21.1
01/08/24,06:06,16.7,94,15.7,0,2,291,0.0,0.6,994.8,642.8,21.4,76,1,16.7,16.7,0.0,9,0.00,0.00,18.5,9,0.0,301,0.0,0.6,17.7,21.1
01/08/24,06:07,16.7,94,15.7,0,2,291,0.0,0.6,994.8,642.8,21.3,76,0,16.7,16.7,0.0,9,0.00,0.00,18.5,9,0.0,290,0.0,0.6,17.7,21.1
01/08/24,06:08,16.8,94,15.8,0,2,289,0.0,0.6,995.0,642.8,21.3,76,0,16.8,16.8,0.0,9,0.00,0.00,18.6,10,0.0,277,0.0,0.6,17.8,21.2
01/08/24,06:09,16.8,94,15.8,0,2,289,0.0,0.6,994.9,642.8,21.4,76,1,16.8,16.8,0.0,9,0.00,0.00,18.6,11,0.0,291,0.0,0.6,17.8,21.2
01/08/24,06:10,16.7,94,15.7,0,2,291,0.0,0.6,995.0,642.8,21.5,75,1,16.7,16.7,0.0,10,0.00,0.00,18.4,12,0.0,293,0.0,0.6,17.6,21.1
01/08/24,06:11,16.7,94,15.7,1,2,291,0.0,0.6,995.0,642.8,21.5,75,1,16.7,16.7,0.0,10,0.00,0.00,18.4,13,0.0,293,0.0,0.6,17.6,21.1
01/08/24,06:12,16.7,94,15.7,1,2,292,0.0,0.6,995.0,642.8,21.5,75,1,16.7,16.7,0.0,10,0.00,0.00,18.4,14,0.0,294,0.0,0.6,17.6,21.1
01/08/24,06:13,16.7,94,15.7,1,2,293,0.0,0.6,994.7,642.8,21.6,75,1,16.7,16.7,0.0,11,0.00,0.00,18.3,15,0.0,292,0.0,0.6,17.6,21.1
01/08/24,06:14,16.7,94,15.7,1,2,292,0.0,0.6,994.9,642.8,21.6,75,1,16.7,16.7,0.0,12,0.00,0.00,18.3,16,0.0,285,0.0,0.6,17.6,21.1
01/08/24,06:15,16.7,94,15.7,1,2,293,0.0,0.6,994.7,642.8,21.6,75,1,16.7,16.7,0.0,12,0.00,0.00,18.3,17,0.0,294,0.0,0.6,17.6,21.1
01/08/24,06:16,16.7,94,15.7,1,2,294,0.0,0.6,994.9,642.8,21.6,75,1,16.7,16.7,0.0,13,0.00,0.00,18.3,18,0.0,295,0.0,0.6,17.5,21.1
01/08/24,06:17,16.7,94,15.7,1,2,294,0.0,0.6,994.8,642.8,21.6,75,0,16.7,16.7,0.0,14,0.00,0.00,18.3,19,0.0,294,0.0,0.6,17.5,21.1
01/08/24,06:18,16.7,94,15.7,1,2,296,0.0,0.6,994.9,642.8,21.6,75,1,16.7,16.7,0.0,15,0.00,0.00,18.2,21,0.0,295,0.0,0.6,17.5,21.1
01/08/24,06:19,16.6,94,15.6,1,2,297,0.0,0.6,994.8,642.8,21.6,75,0,16.6,16.6,0.0,16,0.00,0.00,18.1,22,0.0,285,0.0,0.6,17.4,20.9
01/08/24,06:20,16.6,94,15.6,1,2,296,0.0,0.6,994.8,642.8,21.6,75,1,16.6,16.6,0.0,17,0.00,0.00,18.1,23,0.0,303,0.0,0.6,17.4,20.9
01/08/24,06:21,16.6,94,15.6,1,2,296,0.0,0.6,994.8,642.8,21.6,75,0,16.6,16.6,0.0,18,0.00,0.00,18.1,24,0.0,296,0.0,0.6,17.4,20.9
01/08/24,06:22,16.6,94,15.6,1,2,296,0.0,0.6,994.8,642.8,21.6,75,1,16.6,16.6,0.0,19,0.00,0.00,18.1,26,0.0,290,0.0,0.6,17.4,20.9
01/08/24,06:23,16.6,94,15.6,1,2,296,0.0,0.6,994.9,642.8,21.6,75,0,16.6,16.6,0.0,19,0.00,0.00,18.2,27,0.0,289,0.0,0.6,17.4,20.9
01/08/24,06:24,16.6,94,15.6,1,3,298,0.0,0.6,994.8,642.8,21.6,75,2,16.6,16.6,0.0,19,0.00,0.00,18.1,29,0.0,308,0.0,0.6,17.4,20.9
01/08/24,06:25,16.6,94,15.6,1,3,300,0.0,0.6,994.9,642.8,21.6,75,2,16.6,16.6,0.0,19,0.00,0.00,18.1,30,0.0,306,0.0,0.6,17.4,20.9
01/08/24,06:26,16.6,94,15.6,1,3,300,0.0,0.6,994.6,642.8,21.6,75,0,16.6,16.6,0.0,19,0.00,0.00,18.2,32,0.0,293,0.0,0.6,17.4,20.9
01/08/24,06:27,16.6,94,15.6,1,3,299,0.0,0.6,994.8,642.8,21.6,75,1,16.6,16.6,0.0,20,0.00,0.00,18.2,33,0.0,260,0.0,0.6,17.4,20.9
01/08/24,06:28,16.5,94,15.5,1,3,297,0.0,0.6,994.6,642.8,21.6,75,0,16.5,16.5,0.0,20,0.00,0.00,18.1,35,0.0,286,0.0,0.6,17.3,20.7
01/08/24,06:29,16.5,94,15.5,1,3,298,0.0,0.6,995.0,642.8,21.6,75,1,16.5,16.5,0.0,20,0.00,0.00,18.1,36,0.0,305,0.0,0.6,17.3,20.7
01/08/24,06:30,16.5,94,15.5,1,3,298,0.0,0.6,994.8,642.8,21.6,75,0,16.5,16.5,0.0,21,0.00,0.00,18.1,38,0.0,272,0.0,0.6,17.3,20.7
01/08/24,06:31,16.5,94,15.5,1,3,297,0.0,0.6,995.0,642.8,21.6,75,1,16.5,16.5,0.0,22,0.00,0.00,18.1,40,0.0,270,0.0,0.6,17.3,20.7
01/08/24,06:32,16.5,94,15.5,1,3,297,0.0,0.6,994.9,642.8,21.7,75,0,16.5,16.5,0.0,24,0.00,0.00,18.1,41,0.0,270,0.0,0.6,17.3,20.7
01/08/24,06:33,16.5,94,15.5,1,3,293,0.0,0.6,994.9,642.8,21.7,75,1,16.5,16.5,0.0,25,0.00,0.00,18.1,43,0.0,245,0.0,0.6,17.3,20.7
01/08/24,06:34,16.5,94,15.5,1,3,289,0.0,0.6,994.8,642.8,21.7,75,0,16.5,16.5,0.0,26,0.00,0.00,18.1,45,0.0,262,0.0,0.6,17.3,20.7
01/08/24,06:35,16.5,94,15.5,1,2,283,0.0,0.6,995.0,642.8,21.8,75,0,16.5,16.5,0.0,28,0.00,0.00,18.1,46,0.0,276,0.0,0.6,17.4,20.7
01/08/24,06:36,16.5,94,15.5,1,2,283,0.0,0.6,995.0,642.8,21.8,75,0,16.5,16.5,0.0,29,0.00,0.00,18.1,48,0.0,287,0.0,0.6,17.4,20.7
01/08/24,06:37,16.5,94,15.5,1,2,282,0.0,0.6,995.1,642.8,21.7,75,0,16.5,16.5,0.0,29,0.00,0.00,18.1,50,0.0,267,0.0,0.6,17.4,20.7
01/08/24,06:38,16.5,94,15.5,1,2,280,0.0,0.6,995.0,642.8,21.7,75,0,16.5,16.5,0.0,29,0.00,0.00,18.1,52,0.0,269,0.0,0.6,17.4,20.7
01/08/24,06:39,16.5,94,15.5,1,2,275,0.0,0.6,995.1,642.8,21.7,75,1,16.5,16.5,0.0,29,0.00,0.00,18.1,54,0.0,303,0.0,0.6,17.4,20.7
01/08/24,06:40,16.5,94,15.5,1,3,280,0.0,0.6,995.0,642.8,21.7,75,2,16.5,16.5,0.0,29,0.00,0.00,18.1,56,0.0,318,0.0,0.6,17.4,20.7
01/08/24,06:41,16.5,94,15.5,1,3,286,0.0,0.6,995.0,642.8,21.7,75,1,16.5,16.5,0.0,29,0.00,0.00,18.1,58,0.0,292,0.0,0.6,17.3,20.7
01/08/24,06:42,16.4,94,15.4,1,3,287,0.0,0.6,995.1,642.8,21.7,75,1,16.4,16.4,0.0,30,0.00,0.00,17.9,59,0.0,240,0.0,0.6,17.2,20.6
01/08/24,06:43,16.4,94,15.4,1,3,292,0.0,0.6,994.9,642.8,21.7,75,1,16.4,16.4,0.0,30,0.00,0.00,17.9,61,0.0,304,0.0,0.6,17.2,20.6
01/08/24,06:44,16.4,94,15.4,1,3,293,0.0,0.6,995.0,642.8,21.7,75,2,16.4,16.4,0.0,31,0.00,0.00,17.9,63,0.0,274,0.0,0.6,17.2,20.6
01/08/24,06:45,16.4,94,15.4,1,3,294,0.0,0.6,994.9,642.8,21.6,75,1,16.4,16.4,0.0,31,0.00,0.00,17.9,65,0.0,312,0.0,0.6,17.2,20.6
01/08/24,06:46,16.4,94,15.4,1,3,294,0.0,0.6,995.0,642.8,21.6,75,1,16.4,16.4,0.0,31,0.00,0.00,17.9,68,0.0,280,0.0,0.6,17.1,20.6
01/08/24,06:47,16.4,94,15.4,1,3,294,0.0,0.6,995.1,642.8,21.7,75,0,16.4,16.4,0.0,32,0.00,0.00,17.9,70,0.0,285,0.0,0.6,17.1,20.6
01/08/24,06:48,16.4,94,15.4,1,3,297,0.0,0.6,995.1,642.8,21.6,75,0,16.4,16.4,0.0,31,0.00,0.00,17.9,72,0.0,285,0.0,0.6,17.2,20.6
01/08/24,06:49,16.4,94,15.4,1,5,300,0.0,0.6,994.9,642.8,21.6,75,4,16.4,16.4,0.0,31,0.00,0.00,17.8,74,0.0,307,0.0,0.6,17.1,20.6
01/08/24,06:50,16.4,94,15.4,1,5,299,0.0,0.6,994.9,642.8,21.6,75,0,16.4,16.4,0.0,31,0.00,0.00,17.8,76,0.0,294,0.0,0.6,17.1,20.6
01/08/24,06:51,16.4,94,15.4,1,5,297,0.0,0.6,995.1,642.8,21.6,76,2,16.4,16.4,0.0,31,0.00,0.00,17.9,78,0.0,311,0.0,0.6,17.1,20.6
01/08/24,06:52,16.4,94,15.4,1,5,298,0.0,0.6,995.0,642.8,21.6,76,1,16.4,16.4,0.0,31,0.00,0.00,17.8,80,0.0,299,0.0,0.6,17.1,20.6
01/08/24,06:53,16.4,94,15.4,1,5,298,0.0,0.6,995.2,642.8,21.6,76,0,16.4,16.4,0.0,31,0.00,0.00,17.9,82,0.0,293,0.0,0.6,17.2,20.6
01/08/24,06:54,16.4,94,15.4,1,5,298,0.0,0.6,995.2,642.8,21.6,76,0,16.4,16.4,0.0,32,0.00,0.00,17.9,85,0.0,292,0.0,0.6,17.2,20.6
01/08/24,06:55,16.4,94,15.4,1,5,300,0.0,0.6,995.0,642.8,21.6,76,0,16.4,16.4,0.0,34,0.00,0.00,17.9,87,0.0,292,0.0,0.6,17.2,20.6
01/08/24,06:56,16.4,94,15.4,1,5,299,0.0,0.6,995.0,642.8,21.6,76,0,16.4,16.4,0.0,33,0.00,0.00,18.0,89,0.0,285,0.0,0.6,17.2,20.6
01/08/24,06:57,16.4,94,15.4,1,5,300,0.0,0.6,995.1,642.8,21.6,76,1,16.4,16.4,0.0,34,0.00,0.00,18.0,91,0.0,293,0.0,0.6,17.2,20.6
01/08/24,06:58,16.4,94,15.4,1,5,300,0.0,0.6,995.1,642.8,21.6,76,1,16.4,16.4,0.0,33,0.00,0.00,17.9,94,0.0,292,0.0,0.6,17.2,20.6
01/08/24,06:59,16.4,94,15.4,1,5,297,0.0,0.6,995.4,642.8,21.6,76,0,16.4,16.4,0.0,32,0.00,0.00,18.0,96,0.0,292,0.0,0.6,17.2,20.6
01/08/24,07:00,16.5,94,15.5,0,2,296,0.0,0.6,995.4,642.8,21.6,76,0,16.5,16.5,0.0,29,0.00,0.00,18.2,98,0.0,289,0.0,0.6,17.4,20.7
01/08/24,07:01,16.5,94,15.5,0,2,296,0.0,0.6,995.1,642.8,21.6,76,0,16.5,16.5,0.0,25,0.00,0.00,18.2,101,0.0,289,0.0,0.6,17.4,20.7
01/08/24,07:02,16.5,94,15.5,0,2,292,0.0,0.6,995.3,642.8,21.6,76,0,16.5,16.5,0.0,22,0.00,0.00,18.2,103,0.0,289,0.0,0.6,17.4,20.7
01/08/24,07:03,16.4,94,15.4,0,2,291,0.0,0.6,995.3,642.8,21.6,76,0,16.4,16.4,0.0,20,0.00,0.00,18.1,105,0.0,280,0.0,0.6,17.3,20.6
01/08/24,07:04,16.4,94,15.4,0,2,289,0.0,0.6,995.3,642.8,21.6,76,0,16.4,16.4,0.0,19,0.00,0.00,18.1,108,0.0,282,0.0,0.6,17.3,20.6
01/08/24,07:05,16.4,94,15.4,0,2,289,0.0,0.6,995.3,642.8,21.6,76,0,16.4,16.4,0.0,19,0.00,0.00,18.1,110,0.0,282,0.0,0.6,17.3,20.6
01/08/24,07:06,16.4,94,15.4,0,2,289,0.0,0.6,995.1,642.8,21.6,76,0,16.4,16.4,0.0,20,0.00,0.00,18.1,112,0.0,282,0.0,0.6,17.3,20.6
01/08/24,07:07,16.4,94,15.4,0,2,288,0.0,0.6,995.1,642.8,21.6,76,0,16.4,16.4,0.0,21,0.00,0.00,18.1,115,0.0,282,0.0,0.6,17.3,20.6
01/08/24,07:08,16.4,94,15.4,0,1,284,0.0,0.6,995.2,642.8,21.6,76,1,16.4,16.4,0.0,21,0.00,0.00,18.1,117,0.0,282,0.0,0.6,17.3,20.6
01/08/24,07:09,16.4,94,15.4,0,1,283,0.0,0.6,995.2,642.8,21.6,76,0,16.4,16.4,0.0,19,0.00,0.00,18.1,120,0.0,282,0.0,0.6,17.3,20.6
01/08/24,07:10,16.4,94,15.4,0,2,283,0.0,0.6,995.3,642.8,21.6,76,1,16.4,16.4,0.0,18,0.00,0.00,18.1,122,0.0,283,0.0,0.6,17.3,20.6
01/08/24,07:11,16.4,94,15.4,0,2,284,0.0,0.6,995.4,642.8,21.6,76,0,16.4,16.4,0.0,16,0.00,0.00,18.1,125,0.0,286,0.0,0.6,17.3,20.6
01/08/24,07:12,16.4,94,15.4,0,2,283,0.0,0.6,995.2,642.8,21.6,76,0,16.4,16.4,0.0,16,0.00,0.00,18.1,127,0.0,286,0.0,0.6,17.3,20.6
01/08/24,07:13,16.4,94,15.4,0,2,282,0.0,0.6,995.4,642.8,21.6,76,0,16.4,16.4,0.0,17,0.00,0.00,18.1,130,0.0,274,0.0,0.6,17.3,20.6
01/08/24,07:14,16.4,94,15.4,0,2,282,0.0,0.6,995.2,642.8,21.6,76,0,16.4,16.4,0.0,18,0.00,0.00,18.1,132,0.0,272,0.0,0.6,17.3,20.6
01/08/24,07:15,16.5,94,15.5,0,2,281,0.0,0.6,995.3,642.8,21.6,76,0,16.5,16.5,0.0,20,0.00,0.00,18.2,135,0.0,269,0.0,0.6,17.4,20.7
01/08/24,07:16,16.5,94,15.5,0,2,280,0.0,0.6,995.1,642.8,21.6,76,0,16.5,16.5,0.0,22,0.00,0.00,18.2,137,0.0,269,0.0,0.6,17.4,20.7
01/08/24,07:17,16.5,94,15.5,0,2,284,0.0,0.6,995.2,642.8,21.6,76,1,16.5,16.5,0.0,22,0.00,0.00,18.2,140,0.0,301,0.0,0.6,17.4,20.7
01/08/24,07:18,16.5,94,15.5,0,2,285,0.0,0.6,995.3,642.8,21.5,76,0,16.5,16.5,0.0,22,0.00,0.00,18.2,142,0.0,286,0.0,0.6,17.4,20.7
01/08/24,07:19,16.5,94,15.5,0,2,285,0.0,0.6,995.2,642.8,21.6,76,0,16.5,16.5,0.0,21,0.00,0.00,18.2,145,0.0,286,0.0,0.6,17.4,20.7
01/08/24,07:20,16.5,94,15.5,0,2,286,0.0,0.6,995.3,642.8,21.6,76,0,16.5,16.5,0.0,20,0.00,0.00,18.2,147,0.0,286,0.0,0.6,17.4,20.7
01/08/24,07:21,16.5,94,15.5,0,2,286,0.0,0.6,995.3,642.8,21.5,76,0,16.5,16.5,0.0,19,0.00,0.00,18.2,150,0.0,286,0.0,0.6,17.4,20.7
01/08/24,07:22,16.5,94,15.5,0,2,286,0.0,0.6,995.6,642.8,21.5,76,0,16.5,16.5,0.0,19,0.00,0.00,18.2,152,0.0,286,0.0,0.6,17.4,20.7
01/08/24,07:23,16.5,94,15.5,0,2,284,0.0,0.6,995.3,642.8,21.6,76,1,16.5,16.5,0.0,19,0.00,0.00,18.2,155,0.0,276,0.0,0.6,17.4,20.7
01/08/24,07:24,16.4,94,15.4,0,2,284,0.0,0.6,995.4,642.8,21.5,76,0,16.4,16.4,0.0,20,0.00,0.00,18.1,158,0.0,272,0.0,0.6,17.3,20.6
01/08/24,07:25,16.4,94,15.4,0,2,284,0.0,0.6,995.4,642.8,21.6,76,0,16.4,16.4,0.0,23,0.00,0.00,18.1,160,0.0,272,0.0,0.6,17.3,20.6
01/08/24,07:26,16.4,94,15.4,0,2,282,0.0,0.6,995.3,642.8,21.5,76,1,16.4,16.4,0.0,25,0.00,0.00,18.0,163,0.0,265,0.0,0.6,17.3,20.6
01/08/24,07:27,16.4,94,15.4,0,2,276,0.0,0.6,995.4,642.8,21.6,76,1,16.4,16.4,0.0,25,0.00,0.00,18.1,166,0.0,270,0.0,0.6,17.3,20.6
01/08/24,07:28,16.4,94,15.4,0,2,278,0.0,0.6,995.6,642.8,21.6,76,1,16.4,16.4,0.0,24,0.00,0.00,18.0,168,0.0,299,0.0,0.6,17.3,20.6
01/08/24,07:29,16.3,94,15.3,0,2,277,0.0,0.6,995.5,642.8,21.6,76,0,16.3,16.3,0.0,19,0.00,0.00,17.9,171,0.0,255,0.0,0.6,17.1,20.4
01/08/24,07:30,16.3,94,15.3,1,2,275,0.0,0.6,995.5,642.8,21.5,76,1,16.3,16.3,0.0,14,0.00,0.00,17.9,174,0.0,255,0.0,0.6,17.1,20.4
01/08/24,07:31,16.3,94,15.3,1,2,274,0.0,0.6,995.4,642.8,21.5,76,0,16.3,16.3,0.0,12,0.00,0.00,17.9,176,0.0,254,0.0,0.6,17.1,20.4
01/08/24,07:32,16.3,94,15.3,1,2,273,0.0,0.6,995.6,642.8,21.5,76,0,16.3,16.3,0.0,10,0.00,0.00,17.9,179,0.0,254,0.0,0.6,17.1,20.4
01/08/24,07:33,16.3,94,15.3,0,2,272,0.0,0.6,995.5,642.8,21.5,76,0,16.3,16.3,0.0,9,0.00,0.00,17.9,182,0.0,254,0.0,0.6,17.1,20.4
01/08/24,07:34,16.3,94,15.3,1,3,276,0.0,0.6,995.4,642.8,21.5,76,2,16.3,16.3,0.0,9,0.00,0.00,17.9,184,0.0,306,0.0,0.6,17.1,20.4
01/08/24,07:35,16.2,94,15.2,1,3,281,0.0,0.6,995.3,642.8,21.6,76,1,16.2,16.2,0.0,10,0.00,0.00,17.7,187,0.0,308,0.0,0.6,17.0,20.2
01/08/24,07:36,16.2,94,15.2,1,3,291,0.0,0.6,995.5,642.8,21.6,76,2,16.2,16.2,0.0,11,0.00,0.00,17.7,190,0.0,312,0.0,0.6,16.9,20.2
01/08/24,07:37,16.2,94,15.2,1,3,297,0.0,0.6,995.4,642.8,21.5,76,2,16.2,16.2,0.0,12,0.00,0.00,17.6,192,0.0,316,0.0,0.6,16.9,20.2
01/08/24,07:38,16.2,94,15.2,1,5,301,0.0,0.6,995.3,642.8,21.5,76,3,16.2,16.2,0.0,13,0.00,0.00,17.6,195,0.0,345,0.0,0.6,16.9,20.2
01/08/24,07:39,16.2,94,15.2,1,5,308,0.0,0.6,995.4,642.8,21.5,76,1,16.2,16.2,0.0,13,0.00,0.00,17.6,198,0.0,312,0.0,0.6,16.9,20.2
01/08/24,07:40,16.2,94,15.2,1,5,310,0.0,0.6,995.4,642.8,21.5,76,0,16.2,16.2,0.0,13,0.00,0.00,17.6,200,0.0,285,0.0,0.6,16.9,20.2
01/08/24,07:41,16.2,94,15.2,1,5,310,0.0,0.6,995.7,642.8,21.5,76,1,16.2,16.2,0.0,14,0.00,0.00,17.6,203,0.0,291,0.0,0.6,16.9,20.2
01/08/24,07:42,16.2,94,15.2,1,5,310,0.0,0.6,995.6,642.8,21.5,76,0,16.2,16.2,0.0,16,0.00,0.00,17.6,206,0.0,287,0.0,0.6,16.9,20.2
01/08/24,07:43,16.2,94,15.2,1,5,308,0.0,0.6,995.6,642.8,21.5,76,0,16.2,16.2,0.0,17,0.00,0.00,17.5,209,0.0,245,0.0,0.6,16.9,20.2
01/08/24,07:44,16.2,94,15.2,1,5,307,0.0,0.6,995.6,642.8,21.5,76,0,16.2,16.2,0.0,20,0.00,0.00,17.6,211,0.0,246,0.0,0.6,16.9,20.2
01/08/24,07:45,16.2,94,15.2,1,5,304,0.0,0.6,995.7,642.8,21.5,76,2,16.2,16.2,0.0,24,0.00,0.00,17.6,214,0.0,311,0.0,0.6,16.9,20.2
01/08/24,07:46,16.2,94,15.2,1,5,298,0.0,0.6,995.5,642.8,21.5,76,1,16.2,16.2,0.0,28,0.00,0.00,17.6,217,0.0,253,0.0,0.6,16.9,20.2
01/08/24,07:47,16.2,94,15.2,1,5,288,0.0,0.6,995.5,642.8,21.5,76,1,16.2,16.2,0.0,31,0.00,0.00,17.7,220,0.0,274,0.0,0.6,16.9,20.2
01/08/24,07:48,16.2,94,15.2,1,5,285,0.0,0.6,995.6,642.8,21.5,76,2,16.2,16.2,0.0,33,0.00,0.00,17.6,222,0.0,297,0.0,0.6,16.9,20.2
01/08/24,07:49,16.2,94,15.2,1,3,277,0.0,0.6,995.4,642.8,21.5,76,1,16.2,16.2,0.0,33,0.00,0.00,17.7,225,0.0,299,0.0,0.6,16.9,20.2
01/08/24,07:50,16.2,94,15.2,1,3,276,0.0,0.6,995.6,642.8,21.5,76,2,16.2,16.2,0.0,36,0.00,0.00,17.7,228,0.0,248,0.0,0.6,16.9,20.2
01/08/24,07:51,16.2,94,15.2,1,3,275,0.0,0.6,995.7,642.8,21.5,76,0,16.2,16.2,0.0,38,0.00,0.00,17.6,231,0.0,228,0.0,0.6,16.9,20.2
01/08/24,07:52,16.2,94,15.2,1,3,272,0.0,0.6,995.5,642.8,21.5,76,0,16.2,16.2,0.0,41,0.00,0.00,17.6,234,0.0,238,0.0,0.6,16.9,20.2
01/08/24,07:53,16.2,94,15.2,1,3,273,0.0,0.6,995.6,642.8,21.5,76,0,16.2,16.2,0.0,44,0.00,0.00,17.6,236,0.0,275,0.0,0.6,16.9,20.2
01/08/24,07:54,16.2,94,15.2,1,5,281,0.0,0.6,995.6,642.8,21.5,76,3,16.2,16.2,0.0,50,0.00,0.00,17.6,239,0.0,278,0.0,0.6,16.9,20.2
01/08/24,07:55,16.2,94,15.2,1,5,280,0.0,0.6,995.5,642.8,21.5,76,2,16.2,16.2,0.0,51,0.00,0.00,17.5,242,0.0,247,0.0,0.6,16.9,20.2
01/08/24,07:56,16.2,94,15.2,1,5,280,0.0,0.6,995.6,642.8,21.5,76,1,16.2,16.2,0.0,50,0.00,0.00,17.5,245,0.0,293,0.0,0.6,16.9,20.2
01/08/24,07:57,16.2,94,15.2,1,5,285,0.0,0.6,995.7,642.8,21.5,76,1,16.2,16.2,0.0,49,0.00,0.00,17.5,247,0.0,283,0.0,0.6,16.9,20.2
01/08/24,07:58,16.2,94,15.2,1,5,282,0.0,0.6,995.7,642.8,21.5,76,0,16.2,16.2,0.0,50,0.00,0.00,17.6,250,0.0,246,0.0,0.6,16.9,20.2
01/08/24,07:59,16.2,94,15.2,1,5,281,0.0,0.6,995.7,642.8,21.5,76,0,16.2,16.2,0.0,50,0.00,0.00,17.6,253,0.0,261,0.0,0.6,16.9,20.2
01/08/24,08:00,16.2,94,15.2,1,5,282,0.0,0.6,995.8,642.8,21.5,76,1,16.2,16.2,0.0,46,0.00,0.00,17.6,256,0.0,314,0.0,0.6,16.9,20.2
01/08/24,08:01,16.3,94,15.3,1,5,285,0.0,0.6,995.7,642.8,21.5,76,0,16.3,16.3,0.0,44,0.00,0.00,17.8,259,0.0,236,0.0,0.6,17.1,20.4
01/08/24,08:02,16.3,94,15.3,1,5,286,0.0,0.6,995.8,642.8,21.5,76,2,16.3,16.3,0.0,46,0.00,0.00,17.7,262,0.0,286,0.0,0.6,17.0,20.4
01/08/24,08:03,16.3,94,15.3,1,5,290,0.0,0.6,995.6,642.8,21.5,76,1,16.3,16.3,0.0,50,0.00,0.00,17.7,264,0.0,285,0.0,0.6,17.0,20.4
01/08/24,08:04,16.2,94,15.2,1,5,286,0.0,0.6,995.6,642.8,21.5,76,1,16.2,16.2,0.0,59,0.00,0.00,17.6,267,0.0,289,0.0,0.6,16.9,20.2
01/08/24,08:05,16.2,94,15.2,1,3,291,0.0,0.6,995.8,642.8,21.5,76,1,16.2,16.2,0.0,69,0.00,0.00,17.6,270,0.0,299,0.0,0.6,16.9,20.2
01/08/24,08:06,16.2,94,15.2,1,3,294,0.0,0.6,995.8,642.8,21.5,76,0,16.2,16.2,0.0,75,0.00,0.00,17.7,273,0.0,299,0.0,0.6,16.9,20.2
01/08/24,08:07,16.3,94,15.3,1,3,293,0.0,0.6,995.5,642.8,21.5,76,1,16.3,16.3,0.0,83,0.00,0.00,17.8,276,0.0,286,0.0,0.6,17.1,20.4
01/08/24,08:08,16.3,94,15.3,1,3,293,0.0,0.6,995.7,642.8,21.5,76,0,16.3,16.3,0.0,89,0.00,0.00,17.8,278,0.0,286,0.0,0.6,17.1,20.4
01/08/24,08:09,16.3,94,15.3,1,3,295,0.0,0.6,995.5,642.8,21.5,76,1,16.3,16.3,0.0,97,0.00,0.00,17.8,281,0.0,316,0.0,0.6,17.1,20.4
01/08/24,08:10,16.4,94,15.4,1,3,294,0.0,0.6,995.6,642.8,21.5,76,1,16.4,16.4,0.0,102,0.00,0.00,17.9,284,0.0,241,0.0,0.6,17.2,20.6
01/08/24,08:11,16.4,94,15.4,1,3,294,0.0,0.6,995.6,642.8,21.5,76,2,16.4,16.4,1.0,106,0.00,0.00,17.9,287,0.0,290,0.0,0.6,17.2,20.6
01/08/24,08:12,16.4,94,15.4,1,3,297,0.0,0.6,995.6,642.8,21.5,76,1,16.4,16.4,1.0,110,0.00,0.00,17.9,290,0.0,299,0.0,0.6,17.2,20.6
01/08/24,08:13,16.5,94,15.5,1,3,295,0.0,0.6,995.7,642.8,21.5,76,2,16.5,16.5,1.0,108,0.00,0.00,18.0,292,0.0,311,0.0,0.6,17.3,20.7
01/08/24,08:14,16.5,94,15.5,1,3,297,0.0,0.6,995.6,642.8,21.5,76,1,16.5,16.5,1.0,103,0.00,0.00,18.0,295,0.0,316,0.0,0.6,17.3,20.7
01/08/24,08:15,16.5,93,15.4,1,3,297,0.0,0.6,995.5,642.8,21.5,75,2,16.5,16.5,0.0,93,0.00,0.00,17.9,298,0.0,281,0.0,0.6,17.2,20.6
01/08/24,08:16,16.5,93,15.4,1,7,307,0.0,0.6,995.7,642.8,21.5,75,5,16.5,16.5,0.0,83,0.00,0.00,17.8,301,0.0,357,0.0,0.6,17.2,20.6
01/08/24,08:17,16.5,93,15.4,1,7,308,0.0,0.6,995.4,642.8,21.5,75,1,16.5,16.5,0.0,76,0.00,0.00,17.8,304,0.0,297,0.0,0.6,17.2,20.6
01/08/24,08:18,16.5,93,15.4,2,7,307,0.0,0.6,995.6,642.8,21.5,75,3,16.5,16.5,0.0,72,0.00,0.00,17.8,307,0.0,319,0.0,0.6,17.1,20.6
01/08/24,08:19,16.5,93,15.4,2,7,307,0.0,0.6,995.6,642.8,21.5,75,2,16.5,16.5,0.0,68,0.00,0.00,17.7,309,0.0,336,0.0,0.6,17.1,20.6
01/08/24,08:20,16.5,93,15.4,2,7,311,0.0,0.6,995.6,642.8,21.5,75,2,16.5,16.5,0.0,65,0.00,0.00,17.7,312,0.0,245,0.0,0.6,17.1,20.6
01/08/24,08:21,16.5,93,15.4,2,7,312,0.0,0.6,995.6,642.8,21.5,75,1,16.5,16.5,0.0,63,0.00,0.00,17.7,315,0.0,317,0.0,0.6,17.1,20.6
01/08/24,08:22,16.5,92,15.2,2,7,315,0.0,0.6,995.4,642.8,21.5,75,2,16.5,16.5,0.0,62,0.00,0.00,17.6,318,0.0,309,0.0,0.6,17.0,20.5
01/08/24,08:23,16.5,92,15.2,2,7,316,0.0,0.6,995.6,642.8,21.5,75,0,16.5,16.5,0.0,61,0.00,0.00,17.6,321,0.0,284,0.0,0.6,17.0,20.5
01/08/24,08:24,16.5,92,15.2,2,7,317,0.0,0.6,995.6,642.8,21.5,75,2,16.5,16.5,0.0,62,0.00,0.00,17.6,324,0.0,300,0.0,0.6,17.0,20.5
01/08/24,08:25,16.5,92,15.2,2,7,318,0.0,0.6,995.5,642.8,21.5,75,2,16.5,16.5,0.0,65,0.00,0.00,17.6,326,0.0,323,0.0,0.6,17.1,20.5
01/08/24,08:26,16.5,92,15.2,2,6,318,0.0,0.6,995.7,642.8,21.5,75,1,16.5,16.5,0.0,70,0.00,0.00,17.6,329,0.0,17,0.0,0.6,17.1,20.5
01/08/24,08:27,16.5,92,15.2,2,6,322,0.0,0.6,995.4,642.8,21.5,75,0,16.5,16.5,0.0,77,0.00,0.00,17.7,332,0.0,11,0.0,0.6,17.1,20.5
01/08/24,08:28,16.5,92,15.2,2,6,323,0.0,0.6,995.5,642.8,21.5,75,2,16.5,16.5,0.0,87,0.00,0.00,17.6,335,0.0,326,0.0,0.6,17.1,20.5
01/08/24,08:29,16.6,92,15.3,2,6,324,0.0,0.6,995.5,642.8,21.5,75,1,16.6,16.6,0.0,95,0.00,0.00,17.8,338,0.0,327,0.0,0.6,17.2,20.7
01/08/24,08:30,16.6,92,15.3,2,5,323,0.0,0.6,995.6,642.8,21.5,75,0,16.6,16.6,1.0,104,0.00,0.00,17.8,340,0.0,311,0.0,0.6,17.2,20.7
01/08/24,08:31,16.6,92,15.3,2,5,323,0.0,0.6,995.6,642.8,21.5,75,2,16.6,16.6,1.0,108,0.00,0.00,17.8,343,0.0,315,0.0,0.6,17.2,20.7
01/08/24,08:32,16.6,92,15.3,1,5,322,0.0,0.6,995.8,642.8,21.5,75,2,16.6,16.6,1.0,106,0.00,0.00,17.9,346,0.0,301,0.0,0.6,17.3,20.7
01/08/24,08:33,16.6,91,15.1,1,5,319,0.0,0.6,995.7,642.8,21.5,75,0,16.6,16.6,0.0,99,0.00,0.00,17.8,349,0.0,235,0.0,0.6,17.3,20.6
01/08/24,08:34,16.7,92,15.4,1,5,318,0.0,0.6,995.6,642.8,21.5,75,0,16.7,16.7,0.0,89,0.00,0.00,18.1,352,0.0,265,0.0,0.6,17.4,20.8
01/08/24,08:35,16.7,91,15.2,1,5,316,0.0,0.6,995.5,642.8,21.5,75,1,16.7,16.7,0.0,84,0.00,0.00,18.0,355,0.0,265,0.0,0.6,17.4,20.7
01/08/24,08:36,16.8,91,15.3,1,5,309,0.0,0.6,995.4,642.8,21.5,75,2,16.8,16.8,0.0,81,0.00,0.00,18.2,357,0.0,313,0.0,0.6,17.6,20.9
01/08/24,08:37,16.8,91,15.3,1,5,305,0.0,0.6,995.7,642.8,21.5,75,0,16.8,16.8,0.0,79,0.00,0.00,18.2,360,0.0,309,0.0,0.6,17.6,20.9
01/08/24,08:38,16.8,91,15.3,1,5,307,0.0,0.6,995.6,642.8,21.5,75,2,16.8,16.8,0.0,79,0.00,0.00,18.2,363,0.0,321,0.0,0.6,17.6,20.9
01/08/24,08:39,16.8,91,15.3,1,5,306,0.0,0.6,995.6,642.8,21.5,75,1,16.8,16.8,0.0,79,0.00,0.00,18.2,366,0.0,272,0.0,0.6,17.6,20.9
01/08/24,08:40,16.8,91,15.3,1,5,302,0.0,0.6,995.6,642.8,21.5,75,2,16.8,16.8,0.0,82,0.00,0.00,18.2,369,0.0,301,0.0,0.6,17.6,20.9
01/08/24,08:41,16.8,91,15.3,1,5,301,0.0,0.6,995.7,642.8,21.5,75,1,16.8,16.8,0.0,86,0.00,0.00,18.2,371,0.0,296,0.0,0.6,17.6,20.9
01/08/24,08:42,16.8,91,15.3,1,5,300,0.0,0.6,995.6,642.8,21.5,75,0,16.8,16.8,0.0,89,0.00,0.00,18.2,374,0.0,298,0.0,0.6,17.6,20.9
01/08/24,08:43,16.8,91,15.3,1,5,304,0.0,0.6,995.6,642.8,21.5,75,2,16.8,16.8,0.0,90,0.00,0.00,18.3,377,0.0,321,0.0,0.6,17.6,20.9
01/08/24,08:44,16.9,91,15.4,1,5,307,0.0,0.6,995.6,642.8,21.5,75,1,16.9,16.9,0.0,91,0.00,0.00,18.4,380,0.0,319,0.0,0.6,17.7,21.1
01/08/24,08:45,16.9,91,15.4,1,5,310,0.0,0.6,995.7,642.8,21.5,75,2,16.9,16.9,0.0,98,0.00,0.00,18.3,383,0.0,324,0.0,0.6,17.7,21.1
01/08/24,08:46,16.9,92,15.6,1,5,312,0.0,0.6,995.6,642.8,21.5,75,0,16.9,16.9,1.0,104,0.00,0.00,18.4,385,0.0,306,0.0,0.6,17.7,21.2
01/08/24,08:47,16.9,91,15.4,1,5,312,0.0,0.6,995.6,642.8,21.5,75,1,16.9,16.9,1.0,112,0.00,0.00,18.4,388,0.0,313,0.0,0.6,17.7,21.1
01/08/24,08:48,16.9,91,15.4,1,5,309,0.0,0.6,995.7,642.8,21.5,75,0,16.9,16.9,1.0,116,0.00,0.00,18.4,391,0.0,310,0.0,0.6,17.7,21.1
01/08/24,08:49,16.9,91,15.4,1,5,309,0.0,0.6,995.6,642.8,21.5,75,1,16.9,16.9,1.0,124,0.00,0.00,18.4,394,0.0,297,0.0,0.6,17.8,21.1
01/08/24,08:50,17.0,91,15.5,1,5,309,0.0,0.6,995.7,642.8,21.5,75,0,17.0,17.0,1.0,125,0.00,0.00,18.6,396,0.0,289,0.0,0.6,17.9,21.2
01/08/24,08:51,17.0,91,15.5,1,3,308,0.0,0.6,995.6,642.8,21.5,75,3,17.0,17.0,1.0,125,0.00,0.00,18.6,399,0.0,313,0.0,0.6,17.9,21.2
01/08/24,08:52,17.0,91,15.5,1,6,310,0.0,0.6,995.4,642.8,21.5,75,0,17.0,17.0,1.0,122,0.00,0.00,18.5,402,0.0,289,0.0,0.6,17.9,21.2
01/08/24,08:53,16.9,90,15.2,1,6,309,0.0,0.6,995.2,642.8,21.5,75,2,16.9,16.9,1.0,126,0.00,0.00,18.3,405,0.0,321,0.0,0.6,17.7,20.9
01/08/24,08:54,16.9,90,15.2,1,6,310,0.0,0.6,995.4,642.8,21.5,75,2,16.9,16.9,1.0,120,0.00,0.00,18.3,407,0.0,342,0.0,0.6,17.7,20.9
01/08/24,08:55,16.9,90,15.2,1,6,311,0.0,0.6,995.6,642.8,21.5,75,0,16.9,16.9,1.0,116,0.00,0.00,18.3,410,0.0,305,0.0,0.6,17.7,20.9
01/08/24,08:56,16.9,90,15.2,1,6,311,0.0,0.6,995.7,642.8,21.5,75,0,16.9,16.9,1.0,111,0.00,0.00,18.3,413,0.0,299,0.0,0.6,17.7,20.9
01/08/24,08:57,17.0,90,15.3,1,6,310,0.0,0.6,995.5,642.8,21.5,75,1,17.0,17.0,1.0,103,0.00,0.00,18.4,416,0.0,278,0.0,0.6,17.8,21.1
01/08/24,08:58,17.1,90,15.4,1,6,307,0.0,0.6,995.6,642.8,21.5,75,0,17.1,17.1,0.0,99,0.00,0.00,18.5,418,0.0,283,0.0,0.6,17.9,21.3
01/08/24,08:59,17.1,90,15.4,1,6,307,0.0,0.6,995.7,642.8,21.5,75,0,17.1,17.1,0.0,94,0.00,0.00,18.5,421,0.0,273,0.0,0.6,17.9,21.3
01/08/24,09:00,17.1,90,15.4,1,6,308,0.0,0.6,995.4,642.8,21.5,75,1,17.1,17.1,0.0,87,0.00,0.00,18.6,424,0.0,293,0.0,0.6,18.0,21.3
01/08/24,09:01,17.1,90,15.4,1,6,308,0.0,0.6,995.5,642.8,21.5,75,0,17.1,17.1,0.0,88,0.00,0.00,18.6,427,0.0,299,0.0,0.6,17.9,21.3
01/08/24,09:02,17.1,90,15.4,1,6,307,0.0,0.6,995.5,642.8,21.5,75,1,17.1,17.1,0.0,90,0.00,0.00,18.6,429,0.0,305,0.0,0.6,18.0,21.3
01/08/24,09:03,17.1,90,15.4,1,6,310,0.0,0.6,995.7,642.8,21.5,75,2,17.1,17.1,0.0,85,0.00,0.00,18.6,432,0.0,328,0.0,0.6,18.0,21.3
01/08/24,09:04,17.1,90,15.4,1,6,312,0.0,0.6,995.4,642.8,21.5,75,2,17.1,17.1,0.0,83,0.00,0.00,18.6,435,0.0,319,0.0,0.6,18.0,21.3
01/08/24,09:05,17.1,90,15.4,1,3,309,0.0,0.6,995.5,642.8,21.5,75,2,17.1,17.1,0.0,91,0.00,0.00,18.6,438,0.0,321,0.0,0.6,18.0,21.3
01/08/24,09:06,17.0,90,15.3,1,3,309,0.0,0.6,995.5,642.8,21.5,75,1,17.0,17.0,0.0,96,0.00,0.00,18.4,440,0.0,279,0.0,0.6,17.8,21.1
01/08/24,09:07,17.0,90,15.3,1,3,308,0.0,0.6,995.4,642.8,21.5,75,0,17.0,17.0,1.0,107,0.00,0.00,18.4,443,0.0,268,0.0,0.6,17.8,21.1
01/08/24,09:08,17.0,90,15.3,1,3,309,0.0,0.6,995.4,642.8,21.5,75,1,17.0,17.0,1.0,110,0.00,0.00,18.4,446,0.0,299,0.0,0.6,17.8,21.1
01/08/24,09:09,17.1,90,15.4,1,3,311,0.0,0.6,995.7,642.8,21.5,75,2,17.1,17.1,1.0,113,0.00,0.00,18.5,448,0.0,319,0.0,0.6,17.9,21.3
01/08/24,09:10,17.1,90,15.4,1,3,317,0.0,0.6,995.5,642.8,21.5,75,1,17.1,17.1,1.0,114,0.00,0.00,18.5,451,0.0,324,0.0,0.6,17.9,21.3
01/08/24,09:11,17.1,90,15.4,1,3,316,0.0,0.6,995.5,642.8,21.5,75,2,17.1,17.1,1.0,115,0.00,0.00,18.4,454,0.0,263,0.0,0.6,17.9,21.3
01/08/24,09:12,17.0,90,15.3,1,3,315,0.0,0.6,995.5,642.8,21.5,75,1,17.0,17.0,1.0,111,0.00,0.00,18.3,456,0.0,319,0.0,0.6,17.7,21.1
01/08/24,09:13,17.1,90,15.4,1,3,315,0.0,0.6,995.5,642.8,21.5,75,2,17.1,17.1,1.0,111,0.00,0.00,18.5,459,0.0,323,0.0,0.6,17.9,21.3
01/08/24,09:14,17.1,90,15.4,1,3,314,0.0,0.6,995.5,642.8,21.5,75,0,17.1,17.1,1.0,113,0.00,0.00,18.5,462,0.0,317,0.0,0.6,17.9,21.3
01/08/24,09:15,17.2,90,15.5,1,3,317,0.0,0.6,995.6,642.8,21.5,75,2,17.2,17.2,1.0,120,0.00,0.00,18.6,464,0.0,347,0.0,0.6,18.0,21.4
01/08/24,09:16,17.2,89,15.4,1,3,320,0.0,0.6,995.5,642.8,21.5,75,2,17.2,17.2,1.0,127,0.00,0.00,18.6,467,0.0,24,0.0,0.6,18.0,21.3
01/08/24,09:17,17.3,89,15.5,1,3,324,0.0,0.6,995.6,642.8,21.5,75,3,17.3,17.3,1.0,124,0.00,0.00,18.6,470,0.0,334,0.0,0.6,18.1,21.5
01/08/24,09:18,17.3,89,15.5,1,3,328,0.0,0.6,995.5,642.8,21.5,75,2,17.3,17.3,1.0,112,0.00,0.00,18.6,472,0.0,345,0.0,0.6,18.1,21.5
01/08/24,09:19,17.3,89,15.5,2,5,329,0.0,0.6,995.5,642.8,21.5,75,3,17.3,17.3,1.0,109,0.00,0.00,18.6,475,0.0,342,0.0,0.6,18.1,21.5
01/08/24,09:20,17.3,89,15.5,2,5,324,0.0,0.6,995.5,642.8,21.5,75,1,17.3,17.3,1.0,112,0.00,0.00,18.6,478,0.0,282,0.0,0.6,18.1,21.5
01/08/24,09:21,17.3,89,15.5,1,5,323,0.0,0.6,995.4,642.8,21.5,75,1,17.3,17.3,0.0,101,0.00,0.00,18.6,480,0.0,327,0.0,0.6,18.1,21.5
01/08/24,09:22,17.3,89,15.5,1,5,322,0.0,0.6,995.6,642.8,21.6,75,1,17.3,17.3,0.0,93,0.00,0.00,18.6,483,0.0,287,0.0,0.6,18.1,21.5
01/08/24,09:23,17.4,88,15.4,1,5,322,0.0,0.6,995.4,642.8,21.6,75,1,17.4,17.4,0.0,89,0.00,0.00,18.7,486,0.0,341,0.0,0.6,18.2,21.5
01/08/24,09:24,17.5,88,15.5,1,5,322,0.0,0.6,995.3,642.8,21.5,75,0,17.5,17.5,0.0,89,0.00,0.00,18.8,488,0.0,312,0.0,0.6,18.3,21.7
01/08/24,09:25,17.5,88,15.5,1,5,319,0.0,0.6,995.5,642.8,21.6,75,0,17.5,17.5,0.0,88,0.00,0.00,18.9,491,0.0,306,0.0,0.6,18.4,21.7
01/08/24,09:26,17.5,88,15.5,1,5,319,0.0,0.6,995.4,642.8,21.5,75,2,17.5,17.5,0.0,99,0.00,0.00,18.9,493,0.0,343,0.0,0.6,18.4,21.7
01/08/24,09:27,17.6,88,15.6,1,5,321,0.0,0.6,995.5,642.8,21.6,75,3,17.6,17.6,1.0,109,0.00,0.00,19.0,496,0.0,348,0.0,0.6,18.5,21.9
01/08/24,09:28,17.5,88,15.5,1,5,323,0.0,0.6,995.7,642.8,21.6,75,0,17.5,17.5,1.0,109,0.00,0.00,18.9,499,0.0,349,0.0,0.6,18.4,21.7
01/08/24,09:29,17.5,88,15.5,1,5,324,0.0,0.6,995.5,642.8,21.6,75,2,17.5,17.5,1.0,107,0.00,0.00,18.9,501,0.0,340,0.0,0.6,18.4,21.7
01/08/24,09:30,17.5,88,15.5,1,5,328,0.0,0.6,995.5,642.8,21.7,75,1,17.5,17.5,1.0,111,0.00,0.00,18.9,504,0.0,297,0.0,0.6,18.4,21.7
01/08/24,09:31,17.6,87,15.4,1,5,330,0.0,0.6,995.4,642.8,21.2,75,1,17.6,17.6,1.0,122,0.00,0.00,19.0,506,0.0,335,0.0,0.6,18.5,21.7
01/08/24,09:32,17.6,87,15.4,1,5,335,0.0,0.6,995.6,642.8,20.8,76,1,17.6,17.6,1.0,133,0.00,0.00,19.0,509,0.0,356,0.0,0.6,18.5,21.7
01/08/24,09:33,17.6,87,15.4,1,5,335,0.0,0.6,995.6,642.8,20.4,76,2,17.6,17.6,1.0,136,0.00,0.00,19.0,511,0.0,260,0.0,0.6,18.5,21.7
01/08/24,09:34,17.7,87,15.5,1,5,335,0.0,0.6,995.5,642.8,20.3,77,0,17.7,17.7,1.0,131,0.00,0.00,19.1,514,0.0,35,0.0,0.6,18.6,21.9
01/08/24,09:35,17.8,86,15.4,1,5,337,0.0,0.6,995.6,642.8,20.2,77,1,17.8,17.8,1.0,132,0.00,0.00,19.2,517,0.0,357,0.0,0.6,18.7,22.0
01/08/24,09:36,17.8,86,15.4,1,5,338,0.0,0.6,995.6,642.8,20.2,77,1,17.8,17.8,1.0,136,0.00,0.00,19.1,519,0.0,347,0.0,0.6,18.7,22.0
01/08/24,09:37,17.9,86,15.5,1,3,339,0.0,0.6,995.4,642.8,20.2,77,0,17.9,17.9,1.0,135,0.00,0.00,19.4,522,0.0,353,0.0,0.6,18.9,22.1
01/08/24,09:38,18.0,85,15.4,1,3,336,0.0,0.6,995.6,642.8,20.2,77,2,18.0,18.0,1.0,134,0.00,0.00,19.4,524,0.0,345,0.0,0.6,19.0,22.2
01/08/24,09:39,18.0,85,15.4,1,5,335,0.0,0.6,995.6,642.8,20.2,77,3,18.0,18.0,1.0,140,0.00,0.00,19.4,527,0.0,335,0.0,0.6,18.9,22.2
01/08/24,09:40,18.1,85,15.5,1,5,337,0.0,0.6,995.5,642.8,20.2,77,2,18.1,18.1,1.0,128,0.00,0.00,19.5,529,0.0,335,0.0,0.6,19.0,22.3
01/08/24,09:41,18.1,85,15.5,1,5,339,0.0,0.6,995.6,642.8,20.2,77,2,18.1,18.1,1.0,136,0.00,0.00,19.5,532,0.0,315,0.0,0.6,19.0,22.3
01/08/24,09:42,18.2,86,15.8,1,5,337,0.0,0.6,995.5,642.8,20.2,77,1,18.2,18.2,1.0,183,0.00,0.00,19.7,534,0.0,327,0.0,0.6,19.2,22.6
01/08/24,09:43,18.2,84,15.5,1,5,337,0.0,0.6,995.6,642.8,20.2,78,1,18.2,18.2,2.0,253,0.00,0.00,19.6,537,0.0,338,0.0,0.6,19.1,22.4
01/08/24,09:44,18.2,84,15.5,1,5,338,0.0,0.6,995.7,642.8,20.2,77,1,18.2,18.2,2.0,253,0.00,0.00,19.6,539,0.0,337,0.0,0.6,19.2,22.4
01/08/24,09:45,18.3,84,15.5,1,5,338,0.0,0.6,995.7,642.8,20.2,77,1,18.3,18.3,1.0,144,0.00,0.00,19.7,542,0.0,318,0.0,0.6,19.3,22.5
01/08/24,09:46,18.4,84,15.6,1,5,334,0.0,0.6,995.6,642.8,20.2,77,2,18.4,18.4,1.0,143,0.00,0.00,19.8,544,0.0,313,0.0,0.6,19.4,22.7
01/08/24,09:47,18.4,84,15.6,1,5,332,0.0,0.6,995.6,642.8,20.1,77,0,18.4,18.4,1.0,147,0.00,0.00,19.8,547,0.0,315,0.0,0.6,19.4,22.7
01/08/24,09:48,18.5,84,15.7,1,5,330,0.0,0.6,995.7,642.8,20.2,77,1,18.5,18.5,1.0,159,0.00,0.00,20.0,549,0.0,319,0.0,0.6,19.5,22.9
01/08/24,09:49,18.5,83,15.6,1,5,332,0.0,0.6,995.5,642.8,20.2,77,2,18.5,18.5,1.0,164,0.00,0.00,19.9,551,0.0,334,0.0,0.6,19.5,22.7
01/08/24,09:50,18.6,83,15.7,1,7,332,0.0,0.6,995.7,642.8,20.3,77,5,18.6,18.6,1.0,152,0.00,0.00,20.1,554,0.0,357,0.0,0.6,19.7,22.9
01/08/24,09:51,18.6,83,15.7,1,7,337,0.0,0.6,995.7,642.8,20.3,77,2,18.6,18.6,1.0,154,0.00,0.00,20.0,556,0.0,337,0.0,0.6,19.6,22.9
01/08/24,09:52,18.7,82,15.6,1,7,336,0.0,0.6,995.6,642.8,20.3,77,2,18.7,18.7,1.0,165,0.00,0.00,20.1,559,0.0,305,0.0,0.6,19.7,22.9
01/08/24,09:53,18.8,83,15.9,1,7,334,0.0,0.6,995.7,642.8,20.4,77,0,18.8,18.8,1.0,193,0.00,0.00,20.3,561,0.0,263,0.0,0.6,19.9,23.2
01/08/24,09:54,18.9,83,15.9,1,7,333,0.0,0.6,995.6,642.8,20.3,77,1,18.9,18.9,1.0,173,0.00,0.00,20.4,564,0.0,273,0.0,0.6,20.0,23.4
01/08/24,09:55,18.9,83,15.9,2,7,335,0.0,0.6,995.7,642.8,20.3,77,3,18.9,18.9,1.0,172,0.00,0.00,20.4,566,0.0,4,0.0,0.6,20.0,23.4
01/08/24,09:56,18.9,83,15.9,2,7,339,0.0,0.6,995.6,642.8,20.3,77,2,18.9,18.9,1.0,160,0.00,0.00,20.3,568,0.0,324,0.0,0.6,20.0,23.4
01/08/24,09:57,18.9,84,16.1,2,7,340,0.0,0.6,995.6,642.8,20.3,77,1,18.9,18.9,1.0,149,0.00,0.00,20.4,571,0.0,249,0.0,0.6,20.0,23.5
01/08/24,09:58,18.8,84,16.0,2,7,342,0.0,0.6,995.6,642.8,20.3,77,2,18.8,18.8,1.0,140,0.00,0.00,20.3,573,0.0,2,0.0,0.6,19.9,23.3
01/08/24,09:59,18.8,83,15.9,2,7,340,0.0,0.6,995.6,642.8,20.2,77,4,18.8,18.8,1.0,137,0.00,0.00,20.2,575,0.0,339,0.0,0.6,19.8,23.2
01/08/24,10:00,18.7,84,15.9,2,7,342,0.0,0.6,995.5,642.8,20.2,78,3,18.7,18.7,1.0,121,0.00,0.00,20.1,578,0.0,318,0.0,0.6,19.7,23.2
01/08/24,10:01,18.6,84,15.8,2,5,340,0.0,0.6,995.4,642.8,20.2,78,2,18.6,18.6,1.0,112,0.00,0.00,20.0,580,0.0,339,0.0,0.6,19.6,23.0
01/08/24,10:02,18.5,85,15.9,2,5,341,0.0,0.6,995.8,642.8,20.2,78,1,18.5,18.5,1.0,113,0.00,0.00,19.9,583,0.0,284,0.0,0.6,19.5,23.0
01/08/24,10:03,18.5,84,15.7,2,5,343,0.0,0.6,995.7,642.8,20.2,78,0,18.5,18.5,0.0,97,0.00,0.00,19.9,585,0.0,357,0.0,0.6,19.5,22.9
01/08/24,10:04,18.6,84,15.8,2,5,344,0.0,0.6,995.6,642.8,20.2,78,1,18.6,18.6,0.0,92,0.00,0.00,20.0,587,0.0,355,0.0,0.6,19.6,23.0
01/08/24,10:05,18.6,84,15.8,2,5,340,0.0,0.6,995.7,642.8,20.1,78,1,18.6,18.6,0.0,98,0.00,0.00,20.1,589,0.0,347,0.0,0.6,19.6,23.0
01/08/24,10:06,18.6,84,15.8,1,5,338,0.0,0.6,995.7,642.8,20.2,78,0,18.6,18.6,0.0,99,0.00,0.00,20.1,592,0.0,320,0.0,0.6,19.7,23.0
01/08/24,10:07,18.6,83,15.7,2,5,342,0.0,0.6,995.5,642.8,20.1,78,2,18.6,18.6,0.0,99,0.00,0.00,20.0,594,0.0,9,0.0,0.6,19.6,22.9
01/08/24,10:08,18.6,83,15.7,1,5,344,0.0,0.6,995.8,642.8,20.2,78,0,18.6,18.6,0.0,99,0.00,0.00,20.0,596,0.0,341,0.0,0.6,19.6,22.9
01/08/24,10:09,18.6,81,15.3,1,5,344,0.0,0.6,995.7,642.8,20.2,77,1,18.6,18.6,0.0,99,0.00,0.00,19.9,599,0.0,328,0.0,0.6,19.6,22.7
01/08/24,10:10,18.7,81,15.4,1,5,340,0.0,0.6,995.7,642.8,20.2,77,1,18.7,18.7,0.0,96,0.00,0.00,20.1,601,0.0,315,0.0,0.6,19.8,22.8
01/08/24,10:11,18.7,81,15.4,1,5,340,0.0,0.6,995.6,642.8,20.2,76,2,18.7,18.7,0.0,96,0.00,0.00,20.1,603,0.0,344,0.0,0.6,19.8,22.8
01/08/24,10:12,18.8,81,15.5,1,5,341,0.0,0.6,995.5,642.8,20.2,77,2,18.8,18.8,0.0,98,0.00,0.00,20.2,605,0.0,14,0.0,0.6,19.9,23.0
01/08/24,10:13,18.8,81,15.5,1,5,343,0.0,0.6,995.6,642.8,20.2,76,1,18.8,18.8,0.0,95,0.00,0.00,20.2,608,0.0,337,0.0,0.6,19.9,23.0
01/08/24,10:14,18.7,82,15.6,1,5,342,0.0,0.6,995.7,642.8,20.2,76,0,18.7,18.7,1.0,102,0.00,0.00,20.2,610,0.0,338,0.0,0.6,19.8,22.9
01/08/24,10:15,18.7,81,15.4,1,5,346,0.0,0.6,995.8,642.8,20.2,77,2,18.7,18.7,1.0,109,0.00,0.00,20.1,612,0.0,312,0.0,0.6,19.7,22.8
01/08/24,10:16,18.8,81,15.5,1,5,344,0.0,0.6,995.7,642.8,20.2,76,3,18.8,18.8,1.0,113,0.00,0.00,20.2,614,0.0,337,0.0,0.6,19.9,23.0
01/08/24,10:17,18.9,82,15.8,1,5,341,0.0,0.6,995.5,642.8,20.2,77,0,18.9,18.9,1.0,115,0.00,0.00,20.4,617,0.0,324,0.0,0.6,20.0,23.3
01/08/24,10:18,18.9,81,15.6,1,7,344,0.0,0.6,995.7,642.8,20.2,77,6,18.9,18.9,1.0,112,0.00,0.00,20.3,619,0.0,16,0.0,0.6,20.0,23.1
01/08/24,10:19,19.0,81,15.7,2,7,345,0.0,0.6,995.7,642.8,20.3,77,3,19.0,19.0,1.0,118,0.00,0.00,20.4,621,0.0,7,0.0,0.6,20.1,23.3
01/08/24,10:20,18.9,81,15.6,2,7,346,0.0,0.6,995.8,642.8,20.3,77,2,18.9,18.9,1.0,122,0.00,0.00,20.2,623,0.0,331,0.0,0.6,19.9,23.1
01/08/24,10:21,18.9,81,15.6,2,7,347,0.0,0.6,995.6,642.8,20.2,76,0,18.9,18.9,1.0,121,0.00,0.00,20.2,625,0.0,342,0.0,0.6,19.9,23.1
01/08/24,10:22,18.9,81,15.6,1,7,347,0.0,0.6,995.6,642.8,20.2,77,2,18.9,18.9,1.0,116,0.00,0.00,20.3,627,0.0,343,0.0,0.6,19.9,23.1
01/08/24,10:23,18.9,82,15.8,1,7,347,0.0,0.6,995.7,642.8,20.2,77,0,18.9,18.9,1.0,112,0.00,0.00,20.4,630,0.0,345,0.0,0.6,20.0,23.3
01/08/24,10:24,19.1,81,15.8,1,7,348,0.0,0.6,995.8,642.8,20.2,77,0,19.1,19.1,1.0,103,0.00,0.00,20.5,632,0.0,43,0.0,0.6,20.2,23.5
01/08/24,10:25,19.3,79,15.6,2,7,347,0.0,0.6,995.7,642.8,20.3,77,3,19.3,19.3,0.0,99,0.00,0.00,20.6,634,0.0,12,0.0,0.6,20.4,23.5
01/08/24,10:26,19.3,79,15.6,2,7,351,0.0,0.6,995.7,642.8,20.4,76,1,19.3,19.3,0.0,95,0.00,0.00,20.6,636,0.0,344,0.0,0.6,20.4,23.5
01/08/24,10:27,19.2,79,15.5,2,7,352,0.0,0.6,995.9,642.8,20.4,76,1,19.2,19.2,0.0,96,0.00,0.00,20.5,638,0.0,345,0.0,0.6,20.2,23.4
01/08/24,10:28,19.2,79,15.5,2,5,352,0.0,0.6,995.8,642.8,20.3,76,1,19.2,19.2,0.0,96,0.00,0.00,20.5,640,0.0,12,0.0,0.6,20.2,23.4
01/08/24,10:29,19.2,79,15.5,1,6,352,0.0,0.6,995.7,642.8,20.3,76,1,19.2,19.2,0.0,97,0.00,0.00,20.5,642,0.0,306,0.0,0.6,20.3,23.4
01/08/24,10:30,19.2,79,15.5,1,6,354,0.0,0.6,995.7,642.8,20.3,76,2,19.2,19.2,0.0,96,0.00,0.00,20.5,644,0.0,32,0.0,0.6,20.3,23.4
01/08/24,10:31,19.2,80,15.7,1,6,354,0.0,0.6,995.8,642.8,20.3,76,1,19.2,19.2,0.0,96,0.00,0.00,20.6,647,0.0,281,0.0,0.6,20.3,23.5
01/08/24,10:32,19.2,80,15.7,1,6,351,0.0,0.6,995.6,642.8,20.3,76,2,19.2,19.2,0.0,98,0.00,0.00,20.6,649,0.0,34,0.0,0.6,20.3,23.5
01/08/24,10:33,19.3,80,15.8,2,6,353,0.0,0.6,995.7,642.8,20.3,76,2,19.3,19.3,0.0,97,0.00,0.00,20.7,651,0.0,331,0.0,0.6,20.4,23.7
01/08/24,10:34,19.3,79,15.6,2,7,354,0.0,0.6,995.6,642.8,20.3,76,4,19.3,19.3,0.0,98,0.00,0.00,20.5,653,0.0,27,0.0,0.6,20.3,23.5
01/08/24,10:35,19.3,79,15.6,2,7,354,0.0,0.6,995.7,642.8,20.3,76,1,19.3,19.3,0.0,96,0.00,0.00,20.5,655,0.0,341,0.0,0.6,20.3,23.5
01/08/24,10:36,19.3,83,16.3,2,7,349,0.0,0.6,995.7,642.8,20.3,75,0,19.3,19.3,0.0,97,0.00,0.00,20.9,657,0.0,253,0.0,0.6,20.5,24.0
01/08/24,10:37,19.4,80,15.9,2,7,343,0.0,0.6,995.8,642.8,20.3,75,1,19.4,19.4,0.0,96,0.00,0.00,20.8,659,0.0,270,0.0,0.6,20.5,23.8
