Date,TemperatureHighC,TemperatureAvgC,TemperatureLowC,DewpointHighC,DewpointAvgC,DewpointLowC,HumidityHigh,HumidityAvg,HumidityLow,PressureMaxhPa,PressureMinhPa,WindSpeedMaxKMH,WindSpeedAvgKMH,GustSpeedMaxKMH,PrecipitationSumCM
2024-01-05,6.6,5.3,3.0,5.2,4.5,2.4,99,95,87,995,982,11,3,12,0.00
2024-01-06,5.1,2.2,0.1,4.4,1.9,-0.1,99,98,94,1009,995,12,2,12,0.15
2024-01-07,3.8,2.1,0.2,2.2,1.0,-0.9,99,93,81,1018,1008,11,2,11,0.03
2024-01-08,2.7,1.2,-2.1,0.1,-2.0,-3.9,99,80,63,1020,1018,11,2,19,0.03
2024-01-09,4.2,1.8,0.5,-1.7,-2.4,-3.1,79,74,65,1019,1017,16,3,26,0.00
2024-01-10,5.0,3.4,1.1,2.7,0.6,-2.2,87,82,77,1020,1016,12,3,22,0.00
2024-01-11,5.9,4.4,2.8,2.8,1.2,-0.4,82,80,77,1025,1019,12,3,17,0.00
2024-01-12,4.7,3.4,1.8,1.9,0.9,-0.1,88,84,80,1025,1015,14,3,17,0.00
2024-01-13,6.1,4.5,2.5,4.7,2.8,0.5,96,89,83,1015,1002,15,4,23,0.00
2024-01-14,5.3,3.0,0.8,2.8,0.7,-2.6,93,85,73,1002,995,21,4,24,0.00
2024-01-15,2.4,-0.5,-2.7,-0.9,-5.4,-7.9,88,71,47,997,994,20,4,26,0.03
2024-01-16,3.8,0.5,-3.3,-0.6,-2.4,-6.6,90,81,69,996,981,20,6,31,0.00
2024-01-17,1.8,-1.2,-6.3,-0.6,-3.6,-7.4,95,84,55,983,977,14,3,16,0.03
2024-01-18,2.7,-2.6,-7.2,-2.0,-5.3,-8.3,93,83,66,1001,983,13,3,16,0.00
2024-01-19,5.2,1.6,-0.9,-0.6,-2.5,-3.8,83,74,65,1005,1000,17,6,23,0.00
2024-01-20,5.6,3.8,0.6,2.3,0.3,-2.4,86,78,73,1005,992,25,6,30,0.18
2024-01-21,12.3,8.7,3.6,9.7,5.8,1.2,91,83,61,992,973,33,9,40,1.09
2024-01-22,11.8,7.5,5.3,8.1,2.2,0.2,83,69,57,1002,973,30,8,45,0.08
2024-01-23,13.5,7.7,3.3,10.7,4.3,0.4,90,79,62,1004,989,35,9,53,0.00
2024-01-24,11.0,8.0,2.0,5.4,2.7,0.5,91,70,56,1012,991,30,6,47,0.00
2024-01-25,11.6,8.1,1.9,10.0,6.7,0.7,94,91,84,1012,996,21,4,25,0.10
2024-01-26,11.5,6.6,3.5,10.1,1.6,-1.8,92,71,56,1016,995,26,7,44,0.25
2024-01-27,7.1,5.4,4.1,2.8,2.1,1.6,84,80,72,1016,1009,17,4,21,0.00
2024-01-28,9.6,7.5,5.2,7.2,4.9,2.1,89,84,79,1009,1000,18,4,26,0.00
2024-01-29,11.0,9.8,8.2,9.6,8.6,6.8,94,92,89,1004,1001,13,3,17,2.39
2024-01-30,10.5,4.8,0.7,9.2,2.4,-1.0,93,85,61,1018,1001,20,5,29,0.15
2024-01-31,9.9,4.3,-1.4,7.7,1.9,-2.4,94,85,76,1018,1004,23,6,34,0.36
2024-02-01,7.1,4.7,2.5,4.1,1.2,-0.6,88,78,73,1018,1011,17,6,34,0.05
2024-02-02,12.0,9.7,5.4,8.2,7.0,3.7,90,83,75,1014,1009,25,9,36,0.00
2024-02-03,11.4,10.1,9.3,8.7,8.1,7.7,90,87,79,1010,1008,25,8,39,0.00
2024-02-05,10.9,10.4,9.5,7.8,7.2,5.7,82,80,74,994,991,19,9,33,0.00
2024-02-06,11.5,8.0,3.7,9.4,6.0,2.7,94,87,81,992,985,26,6,40,3.81
2024-02-07,5.9,2.7,0.1,2.8,1.0,-1.1,96,89,74,990,985,4,0,6,0.00
2024-02-08,2.8,1.7,0.5,2.0,0.7,-0.2,96,93,89,985,960,11,1,26,1.55
2024-02-09,9.3,6.5,2.8,8.8,6.0,1.9,98,96,93,961,956,8,0,11,0.86
2024-02-10,9.1,5.0,1.2,7.6,4.4,0.9,98,97,88,968,961,2,0,11,0.00
2024-02-11,7.2,4.5,2.3,6.2,3.6,1.6,99,94,85,979,968,11,1,15,0.03
2024-02-12,8.6,4.7,1.8,3.3,2.0,0.5,95,83,58,991,979,14,4,24,0.13
2024-02-13,9.4,6.2,4.2,8.8,5.1,2.8,98,92,86,993,987,11,2,15,0.28
2024-02-14,13.1,10.9,9.1,11.7,10.0,8.7,97,94,84,992,989,12,2,17,0.20
2024-02-15,14.9,12.2,10.0,12.6,11.0,9.5,97,93,80,991,985,11,2,17,0.38
2024-02-16,11.4,9.4,7.8,9.6,8.1,6.8,97,92,85,1006,988,13,3,18,0.15
2024-02-17,13.3,10.1,6.2,11.2,9.2,5.4,98,95,86,1009,1005,11,2,17,1.42
2024-02-18,12.0,10.5,9.3,10.6,9.4,7.7,98,93,87,1011,1003,11,3,22,1.80
2024-02-19,10.7,8.7,7.1,7.8,6.4,4.7,95,86,73,1012,1008,14,4,28,0.08
2024-02-20,12.9,8.6,4.6,8.8,6.8,3.7,97,89,74,1011,998,22,4,28,0.10
2024-02-21,11.6,8.8,7.0,10.8,7.9,5.5,97,94,87,999,975,17,4,24,0.99
2024-02-22,7.6,4.9,1.8,6.7,3.4,0.1,97,90,77,976,960,12,3,20,1.88
2024-02-23,6.4,3.1,-0.7,3.5,1.6,-1.1,97,90,78,972,963,10,2,17,0.10
2024-02-24,8.1,2.1,-2.2,3.8,0.7,-2.5,98,91,70,980,972,9,0,9,0.00
2024-02-25,7.0,2.9,-1.7,3.7,1.0,-2.0,98,88,74,987,977,11,1,18,0.00
2024-02-26,8.3,4.4,0.6,2.7,1.3,-0.3,94,81,60,1005,987,16,3,26,0.00
2024-02-27,7.7,3.2,-1.6,6.4,1.9,-2.0,97,91,83,1005,997,12,2,17,0.05
2024-02-28,9.8,5.7,1.2,8.9,4.8,0.6,97,94,87,1001,987,11,1,17,0.25
2024-02-29,9.7,7.0,0.9,8.8,4.4,0.1,96,84,66,987,980,10,2,15,0.05
2024-03-01,7.3,2.6,0.1,3.6,0.9,-1.1,96,89,57,980,968,14,1,24,0.38
2024-03-02,7.0,3.1,1.4,5.1,1.8,0.8,96,92,78,977,971,9,1,15,0.41
2024-03-03,9.3,2.4,-1.4,4.2,0.6,-1.8,98,89,61,990,977,6,0,9,0.00
2024-03-04,11.2,4.0,-2.1,5.8,1.5,-2.5,98,85,62,991,985,8,1,17,0.03
2024-03-05,11.4,6.2,1.8,5.5,3.3,0.3,98,83,50,1001,988,8,0,9,0.03
2024-03-06,9.1,4.4,0.0,5.6,2.9,-0.4,98,90,77,1006,1000,6,0,11,0.00
2024-03-07,7.9,4.9,2.7,4.3,3.1,0.8,97,88,78,1006,998,9,1,18,0.00
2024-03-08,8.1,5.3,3.6,2.8,2.0,0.4,89,80,64,998,984,9,1,20,0.00
2024-03-09,11.8,6.9,4.6,6.3,4.2,2.3,91,83,69,984,977,10,2,18,0.00
2024-03-10,7.8,6.5,5.2,6.7,5.5,4.2,95,93,89,985,976,6,1,18,1.22
2024-03-11,7.3,6.0,4.9,5.0,4.3,3.7,94,89,82,994,985,4,0,11,0.00
2024-03-12,13.3,9.1,4.7,10.8,7.9,3.8,98,92,82,993,988,16,3,26,1.30
2024-03-13,12.8,11.2,10.2,10.6,9.2,8.2,94,88,84,991,989,21,5,30,0.03
2024-03-14,12.8,11.0,9.7,10.6,9.3,8.2,95,90,82,990,981,12,3,24,0.05
2024-03-15,14.4,9.1,6.0,10.4,7.0,3.9,96,87,72,996,980,11,5,35,0.25
2024-03-16,9.7,6.1,0.5,9.1,4.7,0.1,98,91,72,1002,996,9,1,15,0.31
2024-03-17,15.1,10.6,7.5,12.0,8.6,4.3,98,88,69,997,992,13,3,20,1.22
2024-03-18,14.3,9.4,3.5,9.4,6.1,2.9,97,81,60,995,992,14,3,18,0.00
2024-03-19,15.1,11.2,8.7,9.1,7.3,4.3,96,78,52,998,991,13,3,22,0.18
2024-03-20,12.6,9.5,6.8,11.6,8.9,6.2,98,96,89,1007,996,10,2,18,0.89
2024-03-21,12.3,8.8,6.4,8.5,6.7,5.2,99,87,66,1007,1000,15,4,26,0.05
2024-03-22,11.0,8.0,3.3,8.8,3.2,-2.3,94,73,42,1000,995,15,4,28,0.03
2024-03-23,8.6,5.7,2.6,4.2,1.6,-0.9,89,76,54,996,990,20,6,33,0.08
2024-03-24,10.3,6.6,3.8,5.4,3.1,1.6,90,79,58,993,988,24,4,33,0.25
2024-03-25,8.8,6.6,4.6,6.9,4.7,2.1,96,88,78,988,976,6,0,9,0.43
2024-03-26,13.6,8.6,5.0,7.3,5.0,3.4,95,79,61,976,963,6,0,11,0.56
2024-03-27,8.2,5.4,2.1,5.4,3.8,1.1,97,90,68,963,957,20,1,37,0.84
2024-03-28,9.2,6.0,2.8,6.8,4.3,1.7,95,89,71,961,952,15,2,28,1.42
2024-03-29,13.1,6.7,1.5,8.0,4.5,0.9,98,87,63,973,961,18,2,26,0.25
2024-03-30,14.4,7.4,2.2,5.9,3.7,1.8,98,79,49,979,972,12,1,17,0.00
2024-03-31,12.1,7.4,3.1,6.6,4.6,1.8,92,83,64,979,975,9,1,18,0.00
2024-04-01,12.5,7.8,5.6,8.3,6.3,5.2,97,91,69,978,973,9,1,17,0.66
2024-04-02,13.1,8.2,3.5,7.6,5.9,3.2,98,87,61,985,978,9,1,13,0.03
2024-04-03,11.9,9.4,7.2,10.1,7.6,5.3,98,89,75,984,975,21,3,33,0.28
2024-04-04,14.0,9.0,5.9,10.8,7.6,5.3,98,91,70,985,979,8,1,11,0.91
2024-04-05,15.4,12.6,10.3,10.8,9.6,8.1,97,83,64,985,978,21,6,31,0.61
2024-04-06,16.9,13.3,8.7,11.5,9.8,7.2,95,81,62,984,976,21,5,33,0.86
2024-04-07,13.8,10.4,7.4,9.7,7.4,4.5,92,82,66,987,979,22,7,35,0.46
2024-04-08,14.4,11.3,9.1,10.2,9.1,7.8,97,87,71,987,978,8,1,15,0.91
2024-04-09,9.6,7.3,5.1,8.2,4.9,2.0,97,85,66,1002,977,21,5,39,1.73
2024-04-10,12.9,8.5,4.3,11.2,6.7,1.4,96,89,76,1005,1000,21,3,29,0.61
2024-04-11,18.0,13.7,11.3,12.8,11.2,10.0,93,86,66,1010,1003,16,5,27,0.18
2024-04-12,16.7,12.6,9.2,11.3,7.0,3.0,89,70,45,1009,1005,18,6,31,0.00
2024-04-13,15.5,10.3,6.6,10.4,7.0,2.8,92,81,62,1006,1000,19,4,36,0.05
2024-04-14,12.6,8.2,4.5,4.5,3.0,1.7,83,70,50,1006,994,16,5,25,0.00
2024-04-15,8.7,6.9,3.7,5.9,3.5,0.1,94,79,57,994,983,20,8,44,1.12
2024-04-16,11.9,7.5,5.1,5.7,4.4,2.4,89,81,58,1000,990,20,6,35,0.86
2024-04-17,10.0,6.4,3.2,4.6,2.3,-0.4,91,76,52,1003,998,21,5,31,0.61
2024-04-18,10.7,5.7,-0.5,7.9,3.0,-1.1,97,84,59,1006,999,13,3,21,0.31
2024-04-19,12.3,9.1,3.5,7.8,5.9,0.2,95,81,58,1008,997,21,6,35,0.23
2024-04-20,13.2,6.8,0.0,3.2,0.7,-1.2,94,68,43,1013,1008,11,2,19,0.00
2024-04-21,14.1,9.1,5.9,3.6,1.5,-1.7,83,61,38,1014,1012,10,1,15,0.00
2024-04-22,8.6,6.8,5.0,7.7,5.4,1.9,97,91,70,1014,1008,4,0,6,0.56
2024-04-23,11.9,8.1,5.3,7.8,3.5,0.9,97,74,49,1008,1004,11,2,19,0.03
2024-04-24,11.3,6.9,2.4,4.9,0.9,-2.4,95,68,42,1004,994,9,2,19,0.18
2024-04-25,8.9,5.2,1.1,4.9,2.0,-0.7,90,80,67,994,984,13,2,23,0.20
2024-04-26,11.7,6.0,0.2,3.2,1.2,-0.7,95,73,44,988,985,9,0,23,0.00
2024-04-27,12.1,7.1,2.7,4.4,2.9,1.6,93,76,56,988,987,8,1,17,0.00
2024-04-28,11.6,7.2,4.1,4.1,2.5,-0.8,93,73,45,992,984,16,3,25,0.25
2024-04-29,13.4,9.5,5.2,7.9,5.7,1.6,91,78,62,994,991,18,3,27,0.00
2024-04-30,19.5,12.7,7.6,9.1,6.1,1.4,89,67,35,993,989,14,2,23,0.00
2024-05-01,21.3,13.7,9.4,13.2,9.9,8.1,95,80,48,993,990,10,1,13,0.03
2024-05-02,23.3,14.8,9.0,13.9,10.5,8.2,96,78,52,990,984,10,2,19,0.00
2024-05-03,11.8,10.4,9.0,10.2,9.0,8.1,96,91,84,991,987,10,2,17,0.38
2024-05-04,15.4,10.7,7.8,9.4,8.2,6.7,96,85,62,993,990,10,2,15,0.03
2024-05-05,19.8,12.2,4.5,9.3,7.1,4.1,97,74,41,992,988,6,0,12,0.00
2024-05-06,17.8,12.4,7.7,11.9,9.7,6.8,97,84,66,998,989,13,2,19,0.00
2024-05-07,20.0,14.1,10.6,12.6,10.5,9.1,96,80,53,1010,998,6,1,10,0.10
2024-05-08,20.8,15.1,10.7,12.8,10.6,8.7,90,76,54,1011,1008,10,2,17,0.00
2024-05-09,21.0,15.5,9.8,12.7,10.4,8.7,93,74,51,1010,1006,9,1,12,0.00
2024-05-10,24.7,17.9,10.7,13.7,11.6,9.7,94,69,44,1007,1004,5,0,8,0.00
2024-05-11,23.8,17.7,12.0,14.3,11.6,9.1,92,70,45,1005,1000,6,0,13,0.00
2024-05-12,25.6,17.2,12.5,16.4,12.8,9.1,97,77,48,1001,990,7,0,13,0.31
2024-05-13,18.2,14.4,11.6,13.7,11.9,10.0,98,85,64,990,984,9,1,19,0.18
2024-05-14,17.3,14.2,12.4,13.6,12.2,10.3,97,88,72,985,981,6,0,13,0.89
2024-05-15,19.9,15.1,12.2,14.1,12.1,10.4,94,83,62,989,985,6,0,15,0.00
2024-05-16,17.2,12.9,9.3,13.7,11.9,8.8,98,94,75,989,986,7,0,12,3.73
2024-05-17,20.8,15.7,11.7,14.7,12.1,10.4,99,81,54,996,987,6,1,10,0.00
2024-05-18,23.1,16.6,11.9,14.6,12.3,9.7,98,78,51,998,995,10,1,13,0.00
2024-05-19,24.5,16.8,8.4,10.9,7.7,4.6,88,58,31,999,997,8,1,12,0.00
2024-05-20,18.2,13.4,9.8,11.3,9.4,7.9,89,77,61,999,996,6,0,13,0.00
2024-05-21,20.7,14.1,8.3,12.9,10.2,7.2,95,78,58,996,991,5,0,8,1.25
2024-05-22,13.3,12.2,11.0,12.7,11.7,10.6,98,97,95,992,987,14,3,23,4.95
2024-05-23,11.4,10.0,8.8,10.6,8.5,7.5,97,90,82,997,989,15,4,31,0.46
2024-05-24,13.5,10.8,8.5,10.1,8.6,7.6,96,87,75,1002,997,9,1,15,0.03
2024-05-25,21.0,13.5,6.0,12.0,9.3,5.7,98,78,50,1002,995,10,1,17,0.00
2024-05-26,18.2,12.9,10.3,13.5,10.7,8.7,96,87,69,995,991,11,1,17,0.38
2024-05-27,16.1,12.1,9.2,10.1,8.5,7.1,94,80,59,997,993,14,2,21,0.03
2024-05-28,17.2,13.0,9.8,15.0,11.5,8.0,96,91,82,996,988,18,2,23,0.84
2024-05-29,17.1,13.1,10.9,11.8,10.5,9.2,95,85,68,992,988,14,4,29,0.13
2024-05-30,16.2,12.5,10.6,11.9,10.2,9.0,95,87,71,1000,990,15,4,31,0.15
2024-05-31,17.9,13.4,8.5,10.7,8.4,5.9,94,73,57,1008,1000,13,3,19,0.00
2024-06-01,19.2,13.7,8.4,11.5,8.4,5.9,92,71,50,1012,1007,13,2,17,0.00
2024-06-02,18.9,13.9,8.4,12.6,10.2,7.7,98,80,56,1012,1007,14,3,27,0.00
2024-06-03,16.2,13.8,11.7,12.6,11.4,10.1,93,86,75,1007,999,11,2,17,0.00
2024-06-04,15.6,12.0,7.3,12.7,10.0,4.6,94,88,76,1000,988,20,4,27,0.38
2024-06-05,15.2,10.3,6.1,7.4,4.8,2.3,89,70,46,997,993,17,4,23,0.00
2024-06-06,15.5,11.7,8.4,7.4,6.1,3.6,87,69,49,1000,996,13,2,21,0.00
2024-06-07,16.7,12.4,8.0,9.9,7.8,6.6,91,75,55,1000,996,17,4,27,0.00
2024-06-08,15.1,12.0,9.1,9.6,6.8,3.7,92,72,51,997,993,18,4,33,0.05
2024-06-09,15.7,10.5,7.3,10.3,7.5,4.4,97,82,61,997,989,17,4,27,1.50
2024-06-10,14.6,10.6,7.2,9.9,6.7,4.7,96,79,54,999,989,15,5,27,0.79
2024-06-11,13.7,10.3,6.9,8.1,6.0,4.0,93,76,54,1004,998,13,2,25,0.05
2024-06-12,15.5,11.1,7.4,7.7,5.8,4.3,87,71,52,1004,1000,11,2,19,0.00
2024-06-13,13.6,10.1,5.1,9.8,7.4,4.2,95,84,66,1000,983,8,1,17,0.08
2024-06-14,16.9,13.0,9.6,12.2,9.5,6.8,96,81,53,983,979,14,2,25,0.64
2024-06-15,14.0,10.4,8.0,10.3,8.6,5.8,97,89,69,981,978,11,1,21,1.42
2024-06-16,18.4,12.8,9.2,10.6,9.0,6.5,97,80,49,987,979,12,2,15,0.46
2024-06-17,17.8,13.4,10.6,11.9,9.7,8.2,90,79,59,997,987,14,3,19,0.03
2024-06-18,14.9,11.9,9.6,10.8,9.2,8.3,94,84,72,1002,996,12,2,19,0.00
2024-06-19,20.6,14.3,7.8,11.2,9.2,7.2,96,73,49,1006,1002,5,0,8,0.00
2024-06-20,23.0,16.1,9.9,13.6,10.7,8.9,94,72,46,1005,998,8,0,12,0.00
2024-06-21,20.7,15.2,10.2,12.5,10.5,9.1,94,75,51,999,991,14,2,19,0.00
2024-06-22,20.8,15.7,12.6,12.1,10.5,9.0,93,73,51,999,991,11,2,17,0.00
2024-06-23,24.8,17.9,11.3,16.5,13.5,9.1,94,77,54,1003,998,9,1,13,0.00
2024-06-24,24.8,18.8,13.0,17.0,14.7,12.1,94,78,59,1003,999,7,1,12,0.00
2024-06-25,26.6,19.5,14.3,18.9,15.8,13.3,95,80,59,1000,997,12,2,21,0.00
2024-06-26,27.6,20.8,13.9,18.1,15.6,13.3,96,74,51,999,990,9,1,13,0.00
2024-06-27,20.1,16.8,12.8,16.2,10.5,8.8,89,67,53,991,988,29,6,40,0.00
2024-06-28,17.3,14.0,11.3,10.6,9.1,7.7,81,73,60,999,991,15,4,23,0.00
2024-06-29,18.9,14.1,10.4,13.4,10.7,7.7,94,80,66,999,994,13,1,19,0.10
2024-06-30,14.1,12.1,9.8,10.9,9.6,7.8,93,85,76,999,994,12,2,17,0.05
2024-07-01,14.7,12.3,9.1,12.9,10.3,8.0,94,88,73,1001,999,13,2,25,0.10
2024-07-02,16.7,12.9,10.6,11.1,9.1,7.8,92,78,57,1002,997,18,3,29,0.00
2024-07-03,18.2,12.9,9.2,14.9,10.6,8.4,97,86,73,997,985,18,2,29,0.51
2024-07-04,17.1,12.9,8.4,10.4,7.7,5.2,85,72,54,990,987,18,6,31,0.00
2024-07-05,19.3,14.2,10.4,10.1,8.5,6.3,90,70,48,990,983,13,3,21,0.00
2024-07-06,16.0,12.1,9.6,9.9,7.9,6.4,90,76,56,988,980,16,2,23,0.15
2024-07-07,16.1,12.1,9.1,11.7,9.2,7.4,95,83,66,994,987,11,2,19,0.51
2024-07-08,21.6,14.5,6.6,12.6,9.3,5.8,96,73,46,997,994,5,0,10,0.03
2024-07-09,20.6,15.8,12.6,18.5,14.7,12.0,98,93,81,996,988,5,1,13,1.91
2024-07-10,16.7,15.0,12.8,14.6,13.0,11.5,97,88,75,996,988,17,3,23,0.08
2024-07-11,14.4,12.9,11.6,13.8,12.3,10.8,98,96,93,1002,996,6,1,12,1.22
2024-07-12,16.4,12.9,10.0,11.6,10.4,9.2,96,85,66,1002,999,11,1,15,0.05
2024-07-13,16.4,13.2,11.2,12.6,11.3,10.3,97,89,73,999,994,9,1,17,0.08
2024-07-14,17.7,14.5,11.7,13.6,12.0,10.4,95,85,71,995,993,8,1,13,0.00
2024-07-15,20.4,15.2,9.7,14.4,12.6,9.4,98,85,61,994,986,4,0,10,0.79
2024-07-16,18.3,15.2,12.8,15.6,13.7,11.7,98,91,79,999,986,13,2,25,1.98
2024-07-17,23.8,16.4,9.9,14.8,12.4,9.4,98,79,53,1003,998,8,1,15,0.00
2024-07-18,24.4,19.0,12.5,16.0,14.2,11.9,97,75,54,1002,1000,10,1,17,0.00
2024-07-19,27.2,20.9,13.9,18.3,15.4,12.3,97,73,47,1000,994,9,1,13,0.00
2024-07-20,22.6,18.6,14.4,17.7,16.2,13.8,97,86,71,994,986,10,1,17,0.56
2024-07-21,19.8,15.1,11.0,13.9,11.1,9.1,97,78,57,995,988,9,2,17,0.03
2024-07-22,20.1,16.5,13.8,15.0,13.1,10.5,94,81,65,996,993,13,2,23,0.05
2024-07-23,22.6,17.2,13.0,14.7,12.1,9.6,92,73,51,1005,995,14,2,21,0.00
2024-07-24,21.2,16.8,12.7,15.7,13.8,10.5,95,83,62,1005,996,8,1,13,0.15
2024-07-25,20.8,16.8,13.9,17.1,14.5,12.0,98,87,74,996,988,12,2,19,0.10
2024-07-26,20.5,16.0,12.3,12.5,11.0,9.1,93,74,49,994,989,12,2,15,0.00
2024-07-27,19.4,14.4,10.3,12.9,10.7,9.0,93,79,62,1003,994,11,1,17,0.00
2024-07-28,24.2,16.8,8.8,14.7,11.6,8.3,97,74,45,1008,1003,8,1,13,0.00
2024-07-29,26.9,19.2,10.7,15.6,12.9,10.1,97,70,45,1006,999,7,1,12,0.00
2024-07-30,26.1,18.7,14.1,16.2,13.3,10.4,88,72,47,1002,1000,12,2,17,0.00
2024-07-31,28.9,20.7,12.1,17.7,14.3,10.7,92,69,46,1001,995,6,1,10,0.00
2024-08-01,25.2,19.7,16.2,17.3,14.9,12.9,94,75,50,996,995,10,2,17,0.05
2024-08-02,22.9,17.8,13.5,17.0,14.4,12.3,95,82,62,996,991,12,2,19,0.18
2024-08-03,19.5,16.3,13.1,15.6,11.9,8.6,96,76,52,996,990,12,2,17,0.08
2024-08-04,19.0,15.7,12.0,13.1,11.6,9.3,91,78,64,997,993,10,2,15,0.00
2024-08-05,23.1,18.6,14.7,18.1,15.5,11.6,89,82,71,994,989,10,1,19,0.00
2024-08-06,20.9,17.0,12.5,16.7,12.7,9.7,97,77,51,992,988,16,2,19,0.66
2024-08-07,18.6,15.1,11.3,13.3,11.3,10.1,93,79,60,995,990,19,4,35,0.00
2024-08-08,19.7,16.6,12.3,18.1,14.6,10.6,94,88,79,995,987,14,2,21,0.00
2024-08-09,22.1,17.5,14.5,16.6,12.5,10.4,94,74,52,998,988,16,5,29,0.00
2024-08-10,22.7,16.9,13.2,18.2,13.5,11.3,93,81,60,1004,997,12,2,19,0.00
2024-08-11,26.8,18.9,10.3,17.0,13.2,9.6,96,72,49,1005,996,6,1,15,0.03
2024-08-12,25.5,19.7,14.2,20.3,16.5,12.1,92,82,66,996,988,9,2,19,0.10
2024-08-13,22.3,16.0,11.0,15.2,12.9,10.4,97,83,57,993,989,6,1,12,0.76
2024-08-14,21.3,16.1,12.3,14.4,12.2,9.3,97,79,53,997,993,7,1,12,0.03
2024-08-15,19.3,15.2,11.7,17.7,13.4,9.6,97,89,81,997,990,17,2,23,0.41
2024-08-16,20.6,14.1,8.2,13.3,10.4,7.9,99,80,54,999,995,10,1,17,0.00
2024-08-17,19.0,13.8,7.4,12.3,9.8,6.8,96,78,56,997,993,11,2,19,0.00
2024-08-18,20.1,15.5,12.3,12.2,10.9,9.6,89,75,55,1000,993,13,2,17,0.00
2024-08-19,18.1,14.2,9.3,14.7,12.2,8.7,96,88,78,999,988,9,1,15,0.00
2024-08-20,19.1,15.4,12.0,14.9,10.6,6.3,93,74,48,995,987,18,3,39,0.00
2024-08-21,18.2,13.9,9.7,12.8,10.0,6.9,86,78,59,998,990,19,4,23,0.00
2024-08-22,20.2,15.5,12.0,16.7,12.8,9.7,95,84,70,990,981,18,3,25,0.48
2024-08-23,18.5,14.7,11.7,14.4,10.2,8.3,97,76,55,988,972,33,4,44,0.31
2024-08-24,17.6,13.5,10.9,13.9,10.5,7.2,96,83,60,993,983,14,2,23,0.13
2024-08-25,16.2,12.8,8.4,12.7,9.8,7.1,93,82,65,998,992,19,4,27,0.00
2024-08-26,19.6,15.5,11.8,13.2,11.5,10.2,92,77,62,1000,995,16,3,29,0.00
2024-08-27,19.1,15.7,13.6,14.0,12.6,10.9,93,82,69,999,996,9,1,15,0.05
2024-08-28,22.7,16.5,12.8,16.9,14.0,10.8,94,86,69,996,993,9,1,15,0.05
2024-08-29,19.3,14.0,8.6,12.5,10.6,8.2,98,81,55,1003,995,16,2,19,0.03
2024-08-30,21.4,14.4,7.1,13.3,10.0,6.6,97,77,50,1008,1003,8,1,12,0.00
2024-08-31,20.9,14.7,8.5,12.4,10.1,7.1,93,75,53,1009,1003,9,1,17,0.00
2024-09-01,20.2,17.1,14.6,17.7,15.0,12.0,96,88,78,1003,993,9,1,15,0.33
2024-09-02,20.5,17.1,14.9,18.2,16.1,14.4,98,94,80,993,990,11,1,13,0.61
2024-09-03,18.0,14.5,11.5,14.5,11.7,8.0,98,84,54,997,993,11,2,17,0.03
2024-09-04,16.5,12.8,9.4,11.6,9.6,6.6,97,82,57,1002,997,9,1,12,0.10
2024-09-05,18.5,14.5,8.3,16.0,12.6,7.4,96,89,80,1002,994,12,2,29,0.00
2024-09-06,27.0,20.3,16.8,17.9,16.1,14.6,93,78,52,996,992,9,1,13,0.00
2024-09-07,21.1,17.6,15.4,17.3,15.6,14.2,96,88,77,994,989,8,0,12,0.18
2024-09-08,16.8,15.8,13.6,16.2,15.4,13.3,99,98,95,990,985,13,1,23,3.33
2024-09-09,15.2,12.5,10.5,13.3,9.6,7.4,99,83,64,995,987,18,4,29,0.03
2024-09-10,15.5,11.8,8.6,12.3,9.8,6.3,96,88,75,993,986,17,4,29,0.66
2024-09-11,12.2,8.4,5.9,9.0,6.9,4.7,95,90,73,994,988,18,3,27,2.57
2024-09-12,13.0,8.5,4.9,8.4,6.4,4.4,97,88,61,1006,994,13,2,19,1.35
2024-09-13,14.4,8.6,3.0,8.9,5.8,2.7,99,84,57,1012,1006,6,1,10,0.00
2024-09-14,18.6,12.7,7.8,12.3,9.1,6.1,91,79,64,1011,1008,15,2,19,0.00
2024-09-15,14.4,11.7,8.1,13.9,10.9,7.3,98,95,83,1009,1005,7,1,10,1.09
2024-09-16,19.0,13.1,9.5,13.6,11.0,8.9,99,88,64,1014,1008,6,0,10,0.03
2024-09-17,20.9,12.7,6.1,13.1,9.3,5.8,99,82,51,1016,1013,5,0,10,0.00
2024-09-18,19.1,13.4,9.7,13.6,10.8,8.8,94,85,67,1014,1011,6,1,13,0.00
2024-09-19,20.3,13.5,7.3,14.3,10.9,6.8,97,85,65,1011,1008,6,0,12,0.00
2024-09-20,18.9,14.8,11.8,14.5,12.5,10.7,94,86,75,1008,1004,8,1,15,0.00
2024-09-21,22.2,15.6,13.4,16.1,13.4,12.2,98,88,66,1005,999,7,1,17,4.98
2024-09-22,15.0,13.8,13.1,14.4,13.1,12.3,98,96,93,1000,991,6,1,15,1.37
2024-09-23,15.4,13.1,12.1,14.3,12.6,11.8,98,97,92,991,984,9,2,13,1.12
2024-09-24,13.5,11.5,9.0,11.9,9.9,7.3,99,90,75,986,984,9,2,17,0.18
2024-09-25,14.2,10.5,7.5,11.0,9.3,7.1,98,92,78,985,970,8,1,13,0.46
2024-09-26,15.0,11.5,8.6,12.9,10.5,7.4,99,94,82,973,966,15,1,27,0.51
2024-09-27,12.6,8.8,6.5,7.9,5.5,2.3,96,81,54,999,973,15,4,25,0.66
2024-09-28,13.2,9.0,5.1,8.6,6.6,4.3,96,85,68,1007,998,8,1,13,0.00
2024-09-29,14.9,8.4,4.1,10.3,6.7,3.8,99,90,68,1007,987,9,1,19,0.41
2024-09-30,12.5,10.7,8.8,12.2,10.2,7.6,98,97,90,990,982,18,3,27,3.20
2024-10-01,12.0,10.7,9.6,11.2,10.0,9.2,98,96,91,995,990,15,3,23,0.41
2024-10-02,14.6,11.1,6.8,10.3,8.7,5.6,97,85,64,1004,995,11,2,23,0.03
2024-10-03,16.2,9.6,4.4,10.3,7.2,3.9,98,86,62,1006,1003,5,0,13,0.00
2024-10-04,14.8,9.1,4.3,9.7,7.2,4.0,99,89,69,1004,1000,6,0,10,0.00
2024-10-05,15.8,10.0,4.9,10.3,7.5,4.6,99,86,65,1000,987,8,0,12,0.00
2024-10-06,13.9,11.3,9.8,11.7,10.1,7.6,99,92,82,987,976,6,1,10,1.09
2024-10-07,16.8,12.2,8.1,13.5,10.9,7.8,99,92,69,979,975,5,1,8,0.18
2024-10-08,16.2,12.6,11.1,13.8,11.8,10.5,98,95,82,975,969,4,0,8,0.31
2024-10-09,13.5,11.5,9.4,12.3,10.5,7.5,99,94,86,979,968,13,2,19,0.58
2024-10-10,10.0,6.8,1.7,7.6,3.7,0.8,96,82,54,996,979,11,2,17,0.05
2024-10-11,11.3,4.8,-0.1,5.7,2.6,-0.6,97,87,62,999,995,9,1,13,0.00
2024-10-12,12.4,7.0,3.9,8.9,5.0,2.3,97,87,64,995,986,18,2,27,0.36
2024-10-13,9.5,6.6,4.1,5.4,4.2,2.4,91,85,65,1001,992,13,1,19,0.03
2024-10-14,11.1,8.0,5.1,8.1,6.1,3.9,94,88,78,1000,996,6,0,12,0.20
2024-10-15,13.1,10.9,8.6,12.3,10.0,7.7,97,94,90,999,988,8,1,15,0.25
2024-10-16,16.0,14.1,11.9,15.8,13.9,11.4,99,99,97,988,980,10,1,17,2.90
2024-10-17,16.2,12.8,9.0,14.7,11.5,8.8,99,92,77,995,982,9,1,15,0.23
2024-10-18,14.9,10.5,6.4,12.1,9.4,6.3,99,93,77,997,988,8,1,13,0.03
2024-10-19,14.8,11.7,7.9,12.6,10.3,7.3,99,92,71,995,987,8,1,12,1.50
2024-10-20,15.8,12.0,7.9,13.7,9.6,7.1,98,86,66,995,982,22,5,40,0.64
2024-10-21,12.9,11.1,7.1,9.5,8.3,6.3,96,83,72,1003,990,19,3,33,0.00
2024-10-22,14.7,9.9,6.2,10.9,8.6,5.9,98,92,72,1012,1002,10,1,19,0.46
2024-10-23,13.7,9.2,4.9,11.2,8.4,4.8,99,95,79,1013,1006,5,0,10,0.00
2024-10-24,15.2,11.6,8.8,12.1,10.4,8.3,98,92,81,1006,994,5,0,10,0.00
2024-10-25,15.2,12.9,10.1,13.7,12.2,9.9,99,96,89,998,992,8,0,15,0.23
2024-10-26,13.8,9.4,5.9,11.5,8.4,5.8,99,94,76,998,996,8,1,15,0.03
2024-10-27,11.4,8.4,3.8,9.6,6.7,3.5,98,90,65,1005,996,14,2,25,1.14
2024-10-28,16.0,12.7,8.8,14.4,12.1,8.5,99,96,89,1003,999,13,2,17,0.28
2024-10-29,13.4,11.6,10.3,12.7,11.2,9.5,99,97,94,1010,1003,8,1,15,0.28
2024-10-30,11.3,10.3,9.3,10.4,9.8,9.2,99,97,93,1012,1009,6,1,12,0.03
2024-10-31,10.3,9.8,9.0,10.1,9.6,8.8,99,98,96,1011,1006,6,0,8,0.03
2024-11-01,11.2,10.2,8.3,9.8,9.1,7.7,97,93,87,1011,1005,10,2,19,0.00
2024-11-02,12.0,10.8,9.7,10.7,9.9,9.2,98,94,89,1014,1011,4,0,10,0.00
2024-11-03,11.1,9.6,8.9,10.7,8.7,7.1,98,94,88,1012,1009,4,0,8,0.05
2024-11-04,10.0,9.2,8.6,8.2,7.7,7.3,95,91,85,1009,1004,3,0,8,0.00
2024-11-05,10.4,9.3,8.4,9.8,8.8,8.1,99,97,93,1008,1003,4,0,6,0.03
2024-11-06,12.6,10.4,9.0,11.2,9.9,8.8,99,97,91,1014,1007,3,0,4,0.00
2024-11-07,10.0,9.3,8.4,9.6,8.9,8.2,99,97,93,1013,1010,4,0,12,0.05
2024-11-08,9.2,7.6,6.2,8.4,6.4,4.5,97,92,88,1010,1006,6,0,10,0.00
2024-11-09,6.5,6.0,5.6,5.1,4.4,3.9,93,90,86,1007,1005,4,0,6,0.00
2024-11-10,12.1,9.1,6.1,11.8,8.5,5.1,99,96,91,1013,1006,12,1,23,0.25
2024-11-11,9.9,7.2,4.2,8.2,6.6,3.9,99,96,87,1021,1013,6,1,10,0.03
2024-11-12,9.3,5.9,1.5,7.2,4.9,1.3,99,94,85,1022,1020,6,0,10,0.00
2024-11-13,10.6,6.9,2.4,10.4,6.5,2.3,99,97,91,1020,1015,9,1,12,0.10
2024-11-14,13.3,8.6,2.1,10.8,8.1,1.9,99,97,78,1016,1012,5,0,10,0.05
2024-11-15,9.1,5.9,1.1,8.6,5.5,0.9,99,97,91,1012,1002,10,2,13,0.03
2024-11-16,11.4,8.5,6.3,10.1,7.4,4.9,98,93,85,1003,997,12,3,17,0.10
2024-11-17,7.9,5.8,3.9,6.6,5.1,3.6,99,96,89,997,993,10,2,21,1.17
2024-11-18,5.2,2.8,-0.2,5.1,2.2,-0.5,99,96,83,995,982,5,0,10,0.38
2024-11-19,1.3,0.1,-0.9,0.9,-0.6,-3.2,99,95,82,989,980,11,2,19,0.56
2024-11-20,3.4,0.5,-1.9,0.2,-1.2,-3.2,98,88,75,993,988,10,2,19,0.05
2024-11-21,3.7,-0.9,-5.5,0.3,-2.0,-5.9,98,93,78,990,980,13,1,23,0.03
2024-11-22,5.3,1.8,-0.3,3.3,0.9,-0.7,98,94,86,994,981,14,2,25,1.50
2024-11-23,14.0,7.7,0.0,13.6,7.4,-0.4,99,98,93,993,970,18,3,27,2.39
2024-11-24,14.1,11.2,8.0,13.8,10.1,6.5,99,93,84,971,967,20,6,31,2.16
2024-11-25,9.5,6.9,4.6,7.4,5.0,2.8,94,88,81,989,971,18,4,25,0.03
2024-11-26,8.4,3.8,1.3,4.3,2.4,0.7,98,91,74,998,989,13,2,15,0.00
2024-11-27,5.7,2.9,-1.6,3.9,2.0,-1.9,98,94,87,1006,993,9,1,12,0.56
2024-11-28,4.6,0.6,-3.2,3.4,0.1,-3.3,99,97,90,1010,1006,2,0,6,0.03
2024-11-29,9.2,5.8,2.9,6.9,4.6,2.1,97,92,83,1009,1001,8,0,17,0.10
2024-11-30,13.8,11.1,7.8,12.3,10.5,6.9,99,96,89,1003,997,11,1,23,0.05
2024-12-01,13.3,11.1,9.5,12.6,10.5,8.9,99,96,86,998,990,12,2,19,1.17
2024-12-02,9.6,6.5,3.4,9.2,6.1,3.1,99,97,94,1003,989,14,3,23,0.79
2024-12-03,4.3,3.0,1.0,4.2,2.7,0.8,99,98,96,1005,1002,4,0,8,0.10
2024-12-04,9.5,5.2,2.0,9.2,5.0,1.8,99,99,96,1007,992,12,1,25,0.28
2024-12-05,11.6,9.5,6.0,11.2,8.7,4.6,99,95,82,992,977,23,4,35,1.35
2024-12-06,10.3,6.6,4.3,9.9,4.7,2.7,98,88,77,999,971,20,4,31,0.18
2024-12-07,10.4,6.0,4.6,9.1,4.5,2.9,98,90,81,994,962,39,15,59,3.38
2024-12-08,6.6,5.4,4.1,4.8,3.1,0.8,95,85,77,1015,994,26,9,48,0.18
2024-12-09,7.2,6.0,5.2,4.7,3.7,2.7,94,85,75,1020,1015,17,3,29,0.00
2024-12-10,5.7,5.1,4.2,2.9,1.9,1.1,82,80,75,1020,1017,11,2,25,0.00
2024-12-11,5.1,4.6,4.1,2.3,1.8,1.2,86,82,80,1017,1015,6,0,13,0.00
2024-12-12,6.5,5.1,3.5,6.3,4.5,1.9,99,96,86,1016,1011,5,0,11,0.05
2024-12-13,5.9,4.9,4.0,5.2,4.4,3.7,98,97,94,1011,1003,5,0,8,0.00
2024-12-14,6.9,5.2,3.6,6.3,4.3,2.8,98,94,89,1005,1001,11,2,17,0.05
2024-12-15,11.0,9.7,6.9,10.1,8.8,6.3,96,94,92,1009,1004,17,4,25,0.00
2024-12-16,10.2,9.1,8.1,8.9,7.6,6.7,95,90,85,1010,1008,20,4,23,0.00
2024-12-17,9.4,7.5,4.7,8.8,6.8,4.4,99,95,91,1009,987,18,3,25,0.08
2024-12-18,13.2,10.2,5.2,11.2,9.0,4.8,99,92,82,987,979,25,5,42,2.31
2024-12-19,5.7,4.1,2.1,4.9,2.8,1.6,97,91,83,1001,980,22,4,34,0.94
2024-12-20,7.8,5.0,2.8,7.1,3.9,1.4,97,93,88,1002,993,15,4,21,0.03
2024-12-21,12.2,7.6,4.6,9.3,5.2,1.1,95,85,66,997,983,19,6,36,0.00
2024-12-22,6.5,4.3,1.5,3.9,1.1,-1.1,95,80,63,1000,982,30,9,50,0.51
2024-12-23,9.7,5.3,3.5,9.6,3.2,-1.4,99,87,62,1006,1000,21,3,34,0.15
2024-12-24,12.2,10.0,7.0,11.1,9.6,6.7,99,97,92,1010,1003,14,3,19,0.00
2024-12-25,9.8,7.3,4.0,8.9,6.9,3.8,99,97,94,1015,1010,9,1,17,0.00
2024-12-26,7.1,5.6,3.3,6.9,5.5,3.2,99,99,99,1016,1014,5,0,8,0.00
2024-12-27,3.8,2.4,1.4,3.7,2.2,1.3,99,99,99,1015,1012,2,0,4,0.00
2024-12-28,5.5,3.5,1.6,5.3,3.3,1.4,99,99,99,1012,1009,7,0,13,0.00
2024-12-29,8.8,6.9,4.8,6.9,6.0,4.7,99,95,86,1011,1008,11,3,19,0.00
